908639330025050113
908639206121099266
908638019707703296
908637912526462976
908637887297703937
908637871170572290
908637773648842752
908637664101969920
908637556589432833
908637538801287168
908637502688387073
908637413790113797
908637376741769216
908637361348718592
908637335402795008
908637301449777152
908637276049215488
908637251667718145
908637190732812288
908637158465994752
908637102337855490
908637081915838465
908637065868431360
908570243441635328
908570194372550656
908570133257261057
908570105906216960
908569427204964352
908569410452860930
908569389309378561
908569372733562880
908569341175635969
908569272556822529
908569251681779714
908569230714429441
908569203879247873
908569186657386496
908569163932696576
908569088313630720
908569023121571840
908569006755405825
908568980872237057
908568769609457664
908568748864372736
908568716454985728
908568622523572224
908568590525251584
908568514507583490
908568497986273281
908568471973146624
908568454390628355
908362881107992577
908362845624180736
908362759150202880
908362734726729728
908362613515530241
908362595433938944
908362066318299137
908362034382864384
908362001897934854
908361908843139072
908361843391037440
908361652847955974
908361556483768320
908361371552804865
908361346135330816
908361329135833091
908361227755245569
908361159841116160
908361084561707008
908361051800064006
908361027733131264
908360945298231297
908360880106213376
908360861592551424
908360743577427968
908360716805165056
908360672785960965
908339610425708545
908339549394350080
908339469723553792
908339409308790784
908339137161388033
908338757111308288
908338371730268160
908338303539273728
908338235826470912
908338171703738369
908338080955936769
908337965960765440
908337929008898049
908337772729176064
908337746095288325
908337729532030976
908337707931365376
908337493115895809
908337428624179200
908337379068534785
908337358231232518
908337323342954497
908337250911621120
908337171463065600
908337144225202176
908337122012221442
908326517326970880
908326285608472576
908326163390648325
908326048957419520
908325987242389504
908325936877240320
908325910151122949
908325882875523072
908325704621854720
908325512724013056
908325436031164416
908325414980001792
908325392209113088
908325374341337089
908325333098786816
908325306402050049
908325269064298496
908325251523674112
908325201166917632
908325174642180096
908325136109064193
908325120514686977
908325104182063104
908325078357725184
908325023814967296
908324996291940353
908324971063267328
908324949047332865
908324931896840192
908324913123090434
908324900791779329
908324892323577856
908324846895071232
908324830935752706
908324815064518657
908324797091860480
908324775818403840
908324759741587458
908324727202217986
908324693035405312
908324676744695811
