908665234340139008
908665147962601472
908664994480443393
908639330025050113
908639206121099266
908638019707703296
908637912526462976
908637887297703937
908637871170572290
908637773648842752
908637664101969920
908637556589432833
908637538801287168
908637502688387073
908637413790113797
908637376741769216
908637361348718592
908637335402795008
908637301449777152
908637276049215488
908637251667718145
908637190732812288
908637158465994752
908637102337855490
908637081915838465
908637065868431360
908570243441635328
908570194372550656
908570133257261057
908570105906216960
908569427204964352
908569410452860930
908569389309378561
908569372733562880
908569341175635969
908569272556822529
908569251681779714
908569230714429441
908569203879247873
908569186657386496
908569163932696576
908569088313630720
908569023121571840
908569006755405825
908568980872237057
908568769609457664
908568748864372736
908568716454985728
908568622523572224
908568590525251584
908568514507583490
908568497986273281
908568471973146624
908568454390628355
908362881107992577
908362845624180736
908362759150202880
908362734726729728
908362613515530241
908362595433938944
908362066318299137
908362034382864384
908362001897934854
908361908843139072
908361843391037440
908361652847955974
908361556483768320
908361371552804865
908361346135330816
908361329135833091
908361227755245569
908361159841116160
908361084561707008
908361051800064006
908361027733131264
908360945298231297
908360880106213376
908360861592551424
908360743577427968
908360716805165056
908360672785960965
908339610425708545
908339549394350080
908339469723553792
908339409308790784
908339137161388033
908338757111308288
908338371730268160
908338303539273728
908338235826470912
908338171703738369
908338080955936769
908337965960765440
908337929008898049
908337772729176064
908337746095288325
908337729532030976
908337707931365376
908337493115895809
908337428624179200
908337379068534785
908337358231232518
908337323342954497
908337250911621120
908337171463065600
908337144225202176
908337122012221442
908326517326970880
908326285608472576
908326163390648325
908326048957419520
908325987242389504
908325936877240320
908325910151122949
908325882875523072
908325704621854720
908325512724013056
908325436031164416
908325414980001792
908325392209113088
908325374341337089
908325333098786816
908325306402050049
908325269064298496
908325251523674112
908325201166917632
908325174642180096
908325136109064193
908325120514686977
908325104182063104
908325078357725184
908325023814967296
908324996291940353
908324971063267328
908324949047332865
908324931896840192
908324913123090434
908324900791779329
908324892323577856
908324846895071232
908324830935752706
908324815064518657
908324797091860480
908324775818403840
908324759741587458
908324727202217986
908324693035405312
908324676744695811
908677391660220421
908677382667739137
908677334609350656
908677275146735616
908677106552524800
908677101749972992
908677094430904320
908677093285879814
908677063946772480
908677051556691968
908677024897802240
908677018602090496
908677013988397056
908677004354080768
908677003250987008
908676992308060160
908676990387056641
908676985035137024
908676956681588736
908676956518051841
908676940374134784
908676935420727296
908676929951236096
908676929200549888
908676924142178304
908676909285945346
908676895721627648
908676893779603456
908676875219800065
908676853283655681
908676837315895296
908676835231305729
908676800825495552
908676779430182918
908676778171830273
908676754851627008
908676748979707905
908676748681912320
908676747935272960
908676743921307650
908676711037919232
908676704062844928
908676697054203904
908676680667058176
908676679794610176
908676668067155968
908676663868784640
908676660886740992
908676655199260672
908676639655124993
908676627953016832
908676620663296001
908676611427401729
908676593312305153
908676581333356544
908676568771448837
908676548647116800
908676512689328128
908676511837941760
908676461183283200
908676448076140545
908676444645191680
908676432745963520
908676417294041089
908676386918928385
908676385815773184
908676379406929921
908676328001548290
908676302567346177
908676286939320322
908676275690143745
908676184552230912
908676160007163907
908676137496322048
908676114368753664
908676103606239234
908676047465566208
908675980713132032
908675950459719680
908675948811292672
908675936647860224
908675817055469568
908675770930860032
908675717247963136
908675707684950016
908675694049337344
908675690484117506
908675684888956928
908675675715981312
908675670628339712
908675643726028805
908675643604443138
908675637883342849
908675635794599936
908675632833458176
908675613443141633
908675607957053440
908675592467476486
908675571575672833
908675570858430465
908690581202890752
908690569802731520
908690564773707777
908690558130036736
908690550030786561
908690546025271297
908690532444065797
908690516686065664
908690512252669954
908690479235174400
908690443386458112
908690359466807296
908690343297781760
908690330375114752
908690285298880513
908690236586196992
908690211865006080
908690136942223360
908690116654387207
908690114397835264
908690102456602624
908690086547611648
908690086262444032
908690079366905858
908690072123445248
908690027915378690
908689996395290625
908689974282919936
908689973116899330
908689962031370242
908689958495571969
908689937003958272
908689919861821441
908689918972645377
908689893244665856
908689883719487488
908689866417934337
908689857974849536
908689856766861314
908689834402869249
908689834222505984
908689826307813376
908689810050703360
908689798759682048
908689787967692800
908689786201870342
908689761371590657
908689743004749824
908689729150963713
908689714642915328
908689706447187968
908689700348743680
908689699841167361
908689691406352384
908689635404140545
908689634204557312
908689602021658625
908689592404054016
908689553485127680
908689538456981504
908689528269033473
908689495305879553
908689479124373504
908689436430553088
908689407653314561
908689355061043203
908689354608005120
908689333078695936
908689252267040768
908689237289111552
908689221644378112
908689188207321089
908689124277792768
908689114907557888
908689096289263616
908689022813216769
908688981939933187
908688971768713217
908688947592736768
908688924863639552
908688827258163200
908688775441797120
908688751953694722
908688749961400320
908688744663994369
908688686438477824
908688681191591936
908688660979003392
908688634802577408
908688575578771456
908688559435124736
908688543438065664
908688541458329600
908688515457851392
908688466627616768
908688413443969026
908688387091107840
908688381676281856
908688359211569153
908688356258836480
908742511153369089
908742477363994629
908742462260367360
908742448960217088
908742339065151489
908742312188137472
908742278784651264
908742161310601218
908742081845223424
908742003273367552
908741976056614912
908741914391908353
908741898323546112
908741763388641283
908741748267945985
908741668970614787
908741632102686720
908741587504594946
908741442427932672
908741435654049792
908741428058173441
908741317928382465
908741156602859522
908741122897383425
908741018937413633
908740977661267969
908740767912484864
908740766004125696
908740668092186624
908740631052345345
908740585531543553
908740553277353984
908740492946485248
908740490262085633
908740478362951680
908740417050615808
908740389280079873
908740348851232768
908740320346636289
908740310980628480
908740303770841089
908740297429053440
908740285919674368
908740283038359553
908740257805422592
908740238868086785
908740237542805504
908740231746252800
908740229447680002
908740177262186496
908740099483082757
908740085079773186
908740027294916608
908739958269194244
908739943710720000
908739936450433024
908739919622926336
908739896625569793
908739878938120194
908739877944127490
908739843852836864
908739835040550915
908739826605805568
908739820855468033
908739775913447425
908739749892018177
908739689003257857
908739672574238720
908739660725325825
908739645156024321
908739627246342144
908739583789191169
908739553606930432
908739537307914240
908739518303436800
908739493791907840
908739479669739521
908739472103272448
908739440696283136
908739409591373824
908739390838640642
908739375281967104
908739341173841920
908739315836080128
908739298777796608
908739296575844358
908739288191438848
908739285871931392
908739224425418752
908739141105360896
908739131525779456
908739116799594496
908739109677617152
908739073006637057
908739031848161281
908738991410880514
908738924570451968
908738886100295680
908738847118413825
908738727412936704
908750413297586177
908750411758268417
908750408105054208
908750398311112704
908750393668227072
908750349116362752
908750320540450816
908750319869468674
908750308570001414
908750274327703552
908750270619951104
908750270254985224
908750226156113922
908750145122193408
908750123529842688
908750080760532995
908750072271327232
908750042365927424
908750019599175682
908750011973951489
908749955397013506
908749947633356801
908749904402681856
908749885566078977
908749864112132096
908749801579302913
908749800736247809
908749765944528896
908749761892757508
908749756008157185
908749746415767553
908749745593700353
908749733941927937
908749708411187200
908749614874087425
908749594674253824
908749591004229632
908749545894563841
908749493100834816
908749458632003584
908749418253479936
908749417100054528
908749319892815874
908749260409237506
908749233599270913
908749213185511424
908749198190837760
908749173121568769
908749159859212290
908749133871239168
908749101524832256
908749066175205376
908749062811340800
908749038404689921
908749021937786881
908749021254123521
908748987372642304
908748972017274880
908748937401692160
908748920401969152
908748909354323969
908748794170355712
908748780702502912
908748662402031616
908748626838646790
908748516880781314
908748430104829952
908748358369542144
908748334856380416
908748229168320512
908748226156797952
908748203272671232
908748097609768961
908748052021657600
908748045994614784
908747917552480256
908747910774427648
908747873109413888
908747821649625090
908747729815445504
908747620226621440
908747612731428869
908747588463202304
908747481567125505
908747397127340032
908747336008036352
908747322762366978
908747284057227264
908747258505592833
908747202562052098
908747151324434437
908747125932089344
908747077672407040
908747003169005568
908746999385616384
908746986597347329
908746976837193728
908746938178207746
908746640642756608
908746540293992448
908777083668779008
908776968170110976
908776906501296128
908776892286865409
908776883202007040
908776842110406661
908776825370931200
908776780810637314
908776766080262145
908776766021312512
908776746643869698
908776729107460097
908776722316890113
908776680889700353
908776651269566465
908776628574146560
908776586866053121
908776564539629568
908776560014094341
908776529643102208
908776504556912640
908776500073287681
908776479877734406
908776467055697920
908776460181270528
908776440757456898
908776410864586754
908776393760272384
908776392535547910
908776382754443264
908776373128482816
908776362613329922
908776311967092740
908776311744851968
908776283487784966
908776266823880705
908776239875452938
908776220535529472
908776206413246464
908776192354000898
908776177833271301
908776174431633408
908776173831942147
908776169071271936
908776146413735936
908776141305073665
908776129535840256
908776106446254081
908776061109981184
908776059029553154
908775993510424576
908775884680830977
908775860055965697
908775810559078400
908775809321750528
908775807723728898
908775783124127745
908775765889699841
908775748231680001
908775734273036288
908775709010624512
908775690735988736
908775641260204032
908775604933275648
908775597698150402
908775577183715328
908775555633381376
908775554656043008
908775502504251392
908775484548362240
908775472267501569
908775452940087297
908775448305422337
908775355846205442
908775341883297792
908775337408024576
908775310111461377
908775297004265473
908775235729678339
908775228763000832
908775175482691585
908775161830236160
908775160836231173
908775152334327808
908775144663011329
908775123498487808
908775115839741953
908775112136110081
908775009526648833
908774981869428736
908774949791387649
908774923866271744
908774917893738497
908774839762259968
908774828747972608
908774760250773504
908774724963991552
908774706265849856
908774646828421120
908774635394801665
908795939242102784
908795902642421760
908795891091374081
908795880798638080
908795859063771147
908795825274314752
908795756680814592
908795746643668993
908795734895484928
908795728943775745
908795716847509505
908795653031120896
908795652502515712
908795651680555008
908795639403892737
908795625671716865
908795624237277184
908795618268778499
908795593954353152
908795592721145856
908795579643330561
908795557442965504
908795540841877504
908795528955224065
908795515936092161
908795463054368770
908795452061028352
908795445778018306
908795443508850689
908795425917939712
908795419085459456
908795377746399234
908795353864048645
908795271928274944
908795257625698305
908795250658955265
908795188784529409
908795098443522049
908795090658840576
908795075077005317
908795071880941574
908795033767366657
908795027308064771
908795024426569728
908794996534448128
908794924992159744
908794918583316480
908794891890757634
908794888820363264
908794868377546752
908794832826626048
908794807950114816
908794789247750144
908794740010885120
908794702346035200
908794680216657920
908794674617257984
908794669500387328
908794631307055104
908794628824080384
908794567805341698
908794516525797376
908794367443374080
908794325277982722
908794325101883392
908794320269930496
908794307083091968
908794305061548034
908794296807182341
908794268352962566
908794256642453504
908794237038325761
908794171762270208
908794150987935745
908794150212038656
908794115894243328
908794081656098816
908793972495089670
908793965561942022
908793960583360513
908793937409839109
908793891763126273
908793883273891841
908793861132242944
908793785508880389
908793716218974208
908793712532180995
908793626863460352
908793624808361985
908793594491932672
908793566159413248
908793554561933312
908793540158853120
908793531451494400
908793530407145474
908793528272203777
908793527148171265
908793519141244928
908793506830979072
908793480083886081
908968148484968449
908968029270282240
908967953839869954
908967744967716865
908967734041509889
908967712323506178
908967700885622784
908967691209396224
908967688684392448
908967680551608321
908967680308387840
908967664533606400
908967530642984960
908967479287959552
908967440943591424
908967433465208832
908967428306194432
908967395099922432
908967385067114501
908967266225672192
908967158977323008
908967156045447168
908967147078127616
908967127822077952
908967114828066817
908967110256349184
908967104040366080
908967045055893504
908967031348674560
908967016404586496
908966998931120130
908966970091098112
908966858686164992
908966845084037120
908966809356914689
908966797277360128
908966739852922881
908966727870009344
908966704608370688
908966648488398848
908966586635161600
908966519803203584
908966517768900608
908966491869126656
908966468565504001
908966451515727873
908966437141786625
908966421891309568
908966330254151680
908966291276476421
908966196015484930
908966164826660864
908966084937748480
908966026062200832
908965933502386176
908965918566502400
908965908328194048
908965897989222400
908965882394750976
908965869769969664
908965825650024449
908965797921517568
908965756129480704
908965611325284352
908965395805110272
908965356714196992
908965341954543616
908965331774922752
908965328453083136
908965312896397312
908965286421893122
908965235201134592
908965171061776384
908965115235635205
908965081421172736
908964825929179137
908964779838119939
908964609775882242
908964575864815616
908964410806427648
908964229025320960
908964169755627520
908963866817781761
908963274162671616
908963141924438016
908963090531745795
908963039441014784
908963020415610880
908962989029588992
908962879977721856
908962757516648448
908962594916007936
908962273879871488
908962073308274688
908961994186936321
908961880047259648
908961860011118592
908961780369707008
908961759016431616
908961629852852225
908981205210730497
908981204795437056
908981204396863488
908981203805593601
908981203465670656
908981203042230272
908981202626936832
908981202110922752
908981199581745152
908981199074361344
908981199015759872
908981198021521409
908981195475705856
908981194015961088
908981193269563392
908981191847620608
908981190501195776
908981190257864706
908981189666582528
908981188555091968
908981188395720705
908981186567065601
908981186537631744
908981185988239360
908981185191096320
908981184805269504
908981183890980864
908981183521984512
908981182695723008
908981182100013056
908981174835572736
908981174525030400
908981174273499136
908981172738318341
908981171266109440
908981169596899333
908981167096918021
908981164072996864
908981163653558272
908981160453255168
908981159564120065
908981159195025408
908981158880219136
908981158716821504
908981156330254336
908981151749988352
908981151603273728
908981151246643200
908981150881853443
908981148621012992
908981148583206913
908981148545462273
908981144854552577
908981141188874240
908981139225956353
908981131206365184
908981129901776897
908981129675509761
908981127855071233
908981127779540992
908981126110367744
908981125741125632
908981125678108672
908981125342810113
908981124365455361
908981124218601474
908981122142371840
908981121844699136
908981119344836609
908981117482610688
908981117163905024
908981115955896321
908981115704057856
908981115570065408
908981113724575744
908981111518138368
908981110503350273
908981110302035969
908981109811236864
908981109635129345
908981108838141952
908981107109933056
908981106052968448
908981105658814464
908981103922417664
908981102337036289
908981100533485568
908981100092981248
908981099828740096
908981099098988546
908981098759176192
908981094367862786
908981092656455681
908981092543336448
908981091415003136
908981091230470144
908981089116590080
908981088910897152
908981087216586752
908981086268555264
909089724668583936
909089723196440577
909089723045486594
909089722550689793
909089722408062976
909089721552392193
909089721409732608
909089720885530625
909089720356962310
909089720151322624
909089719182430208
909089718318403586
909089718159081472
909089717689262080
909089716582064128
909089712371007488
909089712220004352
909089711985123328
909089711255441408
909089710990966784
909089709015621632
909089707862061056
909089707778338816
909089707157463040
909089706381660160
909089705165299712
909089704896643072
909089704875667456
909089704670199809
909089704439508994
909089703433064448
909089703017762817
909089701553999873
909089701541416961
909089700698259457
909089699221950466
909089698072678401
909089697464537088
909089696055222273
909089695287660544
909089693727326210
909089693177806849
909089692909367296
909089691223207937
909089690518790145
909089689381908482
909089689013035009
909089688727822338
909089688232722432
909089687712739331
909089687125528578
909089686873939968
909089685640794114
909089682134269952
909089681421283329
909089680762667008
909089680636989440
909089679646924800
909089678988644352
909089678032293889
909089676144676864
909089672944607233
909089672919384065
909089672839786496
909089672726323200
909089671275323392
909089670893420544
909089668314091520
909089667949187072
909089667068448770
909089666451873793
909089665227087877
909089664870617089
909089664585285632
909089662295314434
909089661930426369
909089660244131841
909089659812057093
909089659732611072
909089657568350208
909089655726804992
909089652988043264
909089652778373120
909089652430192640
909089652166074368
909089651587198977
909089642758189058
909089641755807744
909089641361317888
909089640866394112
909089640791068674
909089640384040960
909089640073891841
909089639847182337
909089639608315905
909089639331516416
909089638639390721
909089638492512257
909089637209186308
909089637041393664
909113615319433216
909113612203048960
909113610827264000
909113610265354241
909113609661353985
909113607694307328
909113607622930432
909113607010619392
909113606809120768
909113606398132224
909113605316120583
909113604439515137
909113603411922946
909113603105656832
909113602791084032
909113602493251584
909113601411178496
909113601096634368
909113597116129280
909113596512276480
909113595878891521
909113595845156864
909113594943377408
909113592942907393
909113592418525184
909113591789481984
909113591151960066
909113590526939136
909113589595697152
909113584172650496
909113581790097408
909113580808630273
909113578707472388
909113578199949312
909113578149548032
909113577985986561
909113577579171840
909113576723533825
909113576299909121
909113575469326336
909113573158166528
909113572801765381
909113571862351875
909113569937121280
909113568401924096
909113568297197568
909113568108453888
909113566975942656
909113562450337792
909113562240602112
909113557152919554
909113556414685184
909113556326547457
909113555869405185
909113555755995136
909113554329935872
909113552681816064
909113552644050944
909113551658270720
909113550811090945
909113548365635584
909113548332261381
909113547837321218
909113547711447040
909113547472424961
909113546507563008
909113545303793665
909113545043922945
909113543827615746
909113543810703360
909113543785451520
909113543441698817
909113543349415937
909113543215128576
909113543072530432
909113542481268737
909113542414077952
909113541369651200
909113541168435202
909113540317007875
909113539146784768
909113539058651136
909113537498435585
909113537368285185
909113535065665537
909113534876913664
909113534692413445
909113532637110272
909113532431642626
909113532024803329
909113531362156545
909113530691055616
909113528153444353
909113526215692288
909113524894539781
909113523929718786
909113523866886146
909113523103338496
909113521970888704
909113521727709184
909140014788788224
909140011244716032
909140010775060481
909140010259030017
909140009629966336
909140008354713601
909140008250085376
909140008161832960
909140006857355264
909140006849077249
909140003879518208
909140003376193536
909140002776469504
909140002377842688
909140002042449921
909140001186832386
909140000855310337
909140000448462848
909139999806734337
909139999412637696
909139998678458368
909139998603075584
909139997076316160
909139996782747649
909139996006862849
909139994597523456
909139994077306880
909139993637130240
909139993414815744
909139992911347712
909139992202633216
909139992143740928
909139991997173760
909139991556747265
909139991153975296
909139989908168704
909139988939337728
909139988322897922
909139986867527680
909139986846502919
909139986825469952
909139984715628544
909139983788920832
909139982035542017
909139979934289920
909139979707846656
909139978566852608
909139978499891200
909139976767594496
909139975861526528
909139975500959744
909139974477492225
909139973458284545
909139973101834241
909139972942417920
909139972745244682
909139972279517184
909139970170015745
909139969314316289
909139969029140480
909139967917613056
909139967288516608
909139966688600064
909139964058755072
909139963253526528
909139962024558592
909139961814880256
909139961781174272
909139961512787968
909139961416437760
909139960627957762
909139960221102082
909139957767426048
909139954063699968
909139952776093697
909139951454949376
909139950934863872
909139949127168001
909139948212809728
909139947688308736
909139946757328897
909139945901690880
909139944802803713
909139942676336640
909139942437244928
909139941430562816
909139941275455488
909139941182943232
909139941128589314
909139939417313281
909139937571852288
909139936145702912
909139936120631297
909139935042707456
909139934241488897
909139933805162496
909139932962320386
909139932177977344
909139930131062784
909139929900269569
909149790465691648
909149789945843712
909149788662386688
909149787718668288
909149786011512837
909149784753262594
909149783268392966
909149782865842182
909149782513520641
909149780584038400
909149779481055232
909149778830819328
909149777673236480
909149777345921024
909149777069264902
909149776704360448
909149775714570240
909149775659970560
909149774175227904
909149773730480128
909149773244108800
909149772493332481
909149771948060672
909149771071291393
909149770811367425
909149770412810240
909149770001915904
909149768449961984
909149767065796613
909149766797414400
909149766294138880
909149765610426376
909149765425700864
909149764230533125
909149764226371584
909149762829651968
909149761617440770
909149761445466112
909149760422076418
909149760417927168
909149759566340096
909149757024739328
909149756558946304
909149754713554944
909149754218749954
909149753530769408
909149752247377920
909149752155164672
909149751513403394
909149749877583872
909149748820631552
909149747751071745
909149747427942400
909149746811539456
909149746098401280
909149744773128192
909149744768835584
909149744433205248
909149743799922688
909149742441037830
909149741421694976
909149740352368640
909149740155142145
909149739609841665
909149739106451456
909149738179670019
909149736699138048
909149736405536768
909149736241975297
909149735780483075
909149735113625600
909149735059181568
909149734358495232
909149733394018304
909149732458639360
909149731192008705
909149731183570949
909149730726338560
909149730344648704
909149729849831424
909149727912075264
909149727459078145
909149727219961856
909149726133669890
909149725630259200
909149725458235392
909149724028100613
909149723432382464
909149722774040577
909149722681647104
909149721725345792
909149721616318464
909149721502945280
909149721490419712
909149720714645506
909149720278372352
909149716033736704
909149715924701184
909149715215691776
909168376529928192
909168376437555201
909168376324542465
909168376093790208
909168371551240194
909168369852657666
909168369479196672
909168369017999360
909168367323381760
909168364718718977
909168364278468609
909168363628310528
909168363242491904
909168361313128448
909168359685496832
909168358620360704
909168358200881153
909168356770615296
909168356393148417
909168356175032321
909168355596259331
909168352811200512
909168351783587840
909168350508576769
909168349900402691
909168349011152906
909168347748724738
909168346603692032
909168345928302593
909168343701118976
909168342136754178
909168342136745984
909168341272719360
909168341222178816
909168340609810433
909168340282863616
909168340203122689
909168340169523202
909168339464986624
909168339309748224
909168338726674432
909168338470830080
909168338214858752
909168335169998848
909168332099616769
909168330145067008
909168329075589125
909168328790376449
909168327364407296
909168324298235905
909168324071768064
909168323715371009
909168322230587394
909168321760768006
909168321001648129
909168320657620992
909168314013827072
909168312692756481
909168311103041537
909168308372606976
909168307965710336
909168307739217920
909168307185561600
909168304887021568
909168304782061569
909168304375291904
909168304291319809
909168303356153856
909168302471077888
909168301674246144
909168301183504384
909168300512362496
909168299530792960
909168296708030464
909168296452399106
909168295814815744
909168290836172800
909168290492305408
909168290223804417
909168290160889856
909168289515008000
909168285614317568
909168283802255360
909168282657312771
909168282187345920
909168281302425600
909168280568500227
909168279666622465
909168279331016704
909168277863018496
909168277066326024
909168276764102656
909168276445564928
909168276340711424
909168275417964544
909168274516074497
909168272607780865
909168271802302464
909168271697440770
909168270837796869
909279073377095680
909279072123006976
909279072051589120
909279071443587072
909279068012662784
909279064342503424
909279064069828608
909279053991030784
909279052753539072
909279052095037440
909279050551648258
909279050543374336
909279049956048896
909279048928419840
909279048316092416
909279047263416320
909279046567043073
909279043505160192
909279041768714241
909279037243187201
909279036764954625
909279034663669762
909279034550423553
909279034281828352
909279033967480832
909279033547948039
909279032612503555
909279031442501632
909279030196690944
909279027482861568
909279027390640129
909279024605736960
909279021485015042
909279021183115265
909279020562468865
909279020084162566
909279018830118912
909279017626255363
909279016888049664
909279015533465600
909279014581182464
909279014539345920
909279014417686529
909279011502616577
909279010772762624
909279009913163776
909279008575119361
909279008570744832
909278998332690433
909278994566144000
909278983702720513
909278983161749504
909278982532665344
909278982528311296
909278981177827329
909278980502515713
909278979877511169
909278978552328193
909278972701114374
909278972554264577
909278971845476352
909278971426045952
909278967604973568
909278967470768132
909278967227650048
909278966556561408
909278964354633730
909278963670724608
909278961976221698
909278961401597952
909278959371665408
909278949200588805
909278947606765568
909278946532802561
909278943919751168
909278942791655424
909278942405697536
909278942397419520
909278941558353920
909278939922694144
909278939280838659
909278937297043456
909278934478479362
909278929004920832
909278926303674368
909278923942268928
909278922470281221
909278916870684672
909278915243368449
909278914899406848
909278914614321152
909278913318326272
909278913217552385
909278913133768704
909278912802258944
909278911657164801
909278911124639744
909278908431962113
909278905378381824
909278904778674176
909335909006426113
909335908884738049
909335905697009665
909335902073257984
909335898487164928
909335897920983040
909335897765793794
909335897107320832
909335896381464576
909335893789483008
909335891616894976
909335890551480320
909335890216054784
909335889213394945
909335888898830336
909335885052866560
909335884356636672
909335883568041984
909335881558851584
909335879872843776
909335877104525315
909335876970450944
909335875791626241
909335875556745217
909335874197950464
909335872989884416
909335872713015296
909335869886144512
909335868636352513
909335867558313984
909335865322823680
909335863410249728
909335859500945409
909335859333292033
909335858016169984
909335856682545153
909335856468709376
909335856166473728
909335854375727110
909335852383219718
909335850995142656
909335850642788352
909335850252505088
909335850093121537
909335848595857408
909335848319164417
909335848281182208
909335843000664065
909335841541120000
909335837791473664
909335835979460608
909335832150061056
909335831529259008
909335829474009089
909335829457207297
909335827687153664
909335827628486656
909335825590243328
909335824893870080
909335823472037888
909335821945376769
909335820204744704
909335819831398400
909335815955767296
909335814882111488
909335814248820736
909335812260683776
909335811610501120
909335811417444352
909335809454694400
909335808733302784
909335802596831232
909335799648411648
909335796238376960
909335795831582720
909335794925559810
909335794854383616
909335794632003584
909335794523017218
909335792765558785
909335791004000257
909335787891597315
909335785840689153
909335785723367424
909483603397984256
909483603066679296
909483601221292032
909483600919199744
909483600206336006
909483599073816576
909483598843138048
909483597110837248
909483595647082496
909483594170687489
909483591905742848
909483591243112449
909483591054192640
909483587044560896
909483586969128966
909483586646102016
909483586578997248
909483585371025408
909483583361781761
909483581118074880
909483580568379392
909483578857185281
909483578567696384
909483578408411136
909483576936321025
909483576181260292
909483576093282305
909483575522631681
909483575359221761
909483574491041792
909483573958365185
909483572918128640
909483572859330560
909483572397989888
909483571190022144
909483570464530433
909483569617108993
909483568405123072
909483568178413568
909483567658434561
909483566505058304
909483563703300102
909483562235191296
909483560624631808
909483558422630401
909483558317776901
909483556908314624
909483554505097217
909483553272090624
909483551833419776
909483550126329856
909483547240538113
909483546204569607
909483546095611904
909483546057887744
909483542337466371
909483542316535808
909483540890423298
909483538872971267
909483536314277888
909483535018397698
909483534896844800
909483533948694529
909483533810507776
909483533638537216
909483532707401733
909483531717427200
909483531251970048
909483531197222912
909483530991931393
909483529565884417
909483527556579328
909483524977082369
909483524805103621
909483524784218112
909483524087889920
909483523014139904
909483517993725954
909483517049921536
909483515737104385
909483515477204994
909483514583769094
909483514315382789
909483508271390727
909483508200087553
909483507675811840
909483506593615872
909483505658232832
909483505062748160
909483503871393792
909483503003283456
909483502311231489
909483501258342401
909483500566454273
909483500419665926
909483499979026432
909483499911909376
909483499257655296
909483499165552640
909483498779660289
909504023711014912
909504023689957376
909504023295905792
909504022171852800
909504021525860353
909504020175257600
909504020162711552
909504019726467073
909504019617296384
909504019466457088
909504019370057729
909504019281924098
909504018560569345
909504017574834177
909504017084112897
909504016295407616
909504016274673666
909504016006225926
909504014760513537
909504014487715840
909504014273908737
909504013715914752
909504012759658496
909504010432008192
909504010406596609
909504009974763520
909504009773469698
909504009349844992
909504009232363526
909504008947159042
909504006661316608
909504005554008067
909504003100303362
909504002437537792
909504002253099008
909504001946898432
909504000315228163
909503999111581697
909503998155268096
909503997928763392
909503997400281088
909503995462377473
909503995177259010
909503994766258176
909503994283921410
909503994036412417
909503993822322689
909503993726070784
909503993109471233
909503992895598592
909503992878813186
909503992371273729
909503987157803009
909503987153620993
909503987099013126
909503986910339073
909503985698070528
909503985429602304
909503985396183040
909503985383550977
909503985257771008
909503984616005632
909503983366004736
909503983135444994
909503982044958722
909503981596094465
909503981164027904
909503980828422145
909503978584416256
909503978307706880
909503978270085121
909503977699627009
909503977611419649
909503977561063425
909503977036775424
909503976202260480
909503976063721473
909503976051281920
909503975367507969
909503975015288834
909503974629310466
909503974147067904
909503974142857221
909503972775514112
909503972632821765
909503972548972546
909503972003733504
909503970934185984
909503970338590720
909503969633939459
909503967494905856
909503966119174144
909503965267660801
909503962625249282
909503959689306115
909503958934216704
909503954937053185
909503953666285568
909503953452204032
909503949648019456
909517590057373696
909517589856088065
909517589373734918
909517589021327365
909517588954218497
909517588757172225
909517588182511619
909517588022968320
909517587549171712
909517586982952963
909517586823557121
909517584206303239
909517583531085824
909517583451172864
909517582738259970
909517581492588549
909517580620189696
909517579491987456
909517578321649664
909517576346140672
909517575872229377
909517574861357057
909517572470706176
909517571791056897
909517570356760576
909517569408720896
909517567705747456
909517567420596224
909517564794900480
909517563821834240
909517561888477184
909517561875845121
909517561561153537
909517559359295489
909517559187300352
909517558918766592
909517558872543233
909517557886894081
909517556951556101
909517556179980293
909517554783096832
909517554581774336
909517554070286337
909517553428549633
909517552824459264
909517552782598146
909517551494946817
909517550488190977
909517550228328451
909517546415632386
909517544343535616
909517544012304386
909517542250520576
909517541432807424
909517539805249536
909517539679621120
909517539545403392
909517538555461633
909517538500972544
909517538492600320
909517538085818368
909517537213169665
909517536538058752
909517536210821120
909517535678054400
909517533257936896
909517533035642880
909517531060297728
909517530133401600
909517529726554112
909517529575542793
909517528719855616
909517526559870979
909517525720875009
909517525687296001
909517524412153856
909517523522961408
909517519895121920
909517518951370764
909517518074667008
909517517231738880
909517517151985664
909517514618560512
909517513934897153
909517513561710593
909517512781516801
909517509967077376
909517509069488128
909517508662693889
909517508058771457
909517507853139968
909517507819577344
909517506305515520
909517506230067200
909517502433992705
909517502035542016
909517500521566208
909517499640762368
909517499498094592
909517499309289473
909532125661147137
909532091699908613
909531985244311552
909531877928824832
909531835918675968
909531757585813505
909531756902182913
909531688019070978
909531489196494850
909531470842052608
909531241023754242
909531038208135168
909530997250756609
909530955433627654
909530920415322112
909530767515983872
909530753037488128
909530723119505409
909530459675164673
909530381141118977
909530364695150593
909530159589584903
909530069814693891
909529999903948800
909529969419792385
909529821801254913
909529802415247361
909529671230017542
909529643635630081
909529600849571841
909529558738550784
909529526690091012
909529466011111424
909529399858364416
909529367226744832
909529307646590976
909529303150239744
909529278781501440
909529127472025602
909529038418571264
909528955228704768
909528929094029312
909528906927099904
909528791701229568
909528542236594177
909528397012803585
909528368181383168
909528359637483521
909528063989383169
909528061586132993
909528049020006400
909527949774409728
909527829276131329
909527704395042818
909527703094726657
909527636090789890
909527610857631745
909527551827202048
909527497225650176
909527241247338496
909527241226428416
909527203741921282
909526751033905154
909526647468118017
909526315052789768
909526285789122560
909526243074351105
909526211210211328
909526127366017024
909526007949950976
909525946054651906
909525913179746304
909525905533493254
909525695604383749
909525688281178114
909525687333253120
909525474988130305
909525201162952704
909525030517772289
909525013908410380
909524935130992641
909524804436414464
909524745548386305
909524579693006848
909524523120197633
909524486793424896
909524447920627715
909524428765192193
909524385043746822
909524245969080323
909524106118406144
909524099638218754
909524023243141121
909524012790894604
909523936555171840
909523873661640705
909523834415538177
909523724960882688
909523639212675072
909523635597185024
909692431964229632
909692061431074817
909691777644466176
909691702713122816
909691677333491712
909691633465282560
909691506314944512
909691376962605056
909691369408598016
909691228324802561
909690554195365888
909690152968232960
909690041936613376
909689639186903042
909689269626777600
909689266938236928
909688432175263744
909688315942711297
909687923716521984
909687616001515520
909687568685465600
909687423969439746
909687312585543680
909687149024432128
909684737517768704
909683772840382464
909683563213283329
909683546746445824
909683220408668160
909682685404172288
909681514207678464
909680259997605888
909680190804103168
909679848854921216
909679228907671552
909678983868043266
909678575883837440
909677843453550592
909677352862363648
909677041234120704
909676802339229696
909676799981965312
909676616170827776
909675600121663488
909675373125881856
909675298777640960
909675268851339264
909675149816991744
909675106850414592
909674265846444032
909672757671030784
909672732715094016
909670684497936385
909670511772405760
909670023232356353
909669818827202560
909669462676254720
909669128302145536
909668775317901313
909668345414332416
909668026177478656
909665048867504128
909662796484349953
909662599746334720
909661303911968768
909660446717771776
909660145566621696
909659138673831936
909659108856487937
909658956515221504
909658890744352768
909658262735273985
909657997894352896
909657910984265728
909657013860405248
909656582073520128
909655293587533824
909654754430656513
909654119371149312
909653685055234049
909653350022549505
909652697158217728
909652565461172224
909652560511930368
909651818501861376
909650906182012928
909650890339921920
909650819464749056
909650558155444224
909650170698240006
909650103186665474
909649658531762176
909648968656633856
909648609058148352
909647922077294592
909647447919616000
909647408505720832
909647367292452864
909647077864562688
909646858720382977
909708614478073856
909708614218027008
909708611974176768
909708611298795520
909708610950725633
909708607595393025
909708606630760448
909708606618120192
909708606483734530
909708604416057344
909708603262562304
909708602574696454
909708601349914624
909708601228500992
909708600783671296
909708597415817217
909708596937596928
909708595410997250
909708594869813249
909708594823798784
909708594823737344
909708593389293570
909708590751141888
909708590428037120
909708589790646273
909708588544876544
909708588536475648
909708588477804545
909708588431659008
909708588410695681
909708588406464512
909708588389732355
909708588385488896
909708588377104385
909708588364550144
909708588364464128
909708588343545856
909708588339298309
909708588335190021
909708588309995520
909708588301635586
909708588213469184
909708588171583488
909708588167438336
909708588083503104
909708588079337473
909708588079288320
909708588062474240
909708588054085632
909708588050010113
909708588049948672
909708588049944576
909708588045754369
909708588045742081
909708588024844289
909708588024844288
909708588012249088
909708588012228608
909708588012179456
909708588008054784
909708588007993345
909708588007993344
909708587999604736
909708587999559680
909708587987021824
909708587986976770
909708587982888960
909708587974447106
909708587974447105
909708587970199552
909708587966062592
909708587966058497
909708587966058496
909708587966050304
909708587957735424
909708587949322241
909708587940933633
909708587932508162
909708587928309760
909708587911581696
909708587894808576
909708587886399489
909708587886399488
909708587878010880
909708587877969925
909708587873824768
909708587844415488
909708587831906304
909708587781562368
909708587760586752
909708587743764480
909708587718660096
909708587584368640
909708587571777536
909708585378119680
909708584061194241
909708583289442304
909708582718906370
909708582173655040
909708581729009664
909718465543536640
909718465178669057
909718464155279360
909718463794384897
909718456878149632
909718456211144704
909718455040983040
909718454466314242
909718451236700161
909718450947411968
909718447864528897
909718447776571392
909718447755599872
909718446258126849
909718444504866816
909718444311945217
909718444160950273
909718443921952773
909718443083091969
909718442214793216
909718438981062656
909718434287669249
909718433436246017
909718428415614977
909718427492896768
909718425295101953
909718425143934976
909718423742984192
909718421385949184
909718417325776896
909718414670876672
909718409826447360
909718409591402496
909718408811315200
909718408245186561
909718406508666880
909718405946773504
909718405338615808
909718403639910401
909718398967234560
909718398489235456
909718391421788160
909718389731483649
909718388582125568
909718388452335616
909718388137750530
909718387584114688
909718386967502848
909718386216767488
909718384421478400
909718383469395968
909718379409182720
909718374443134982
909718373063327744
909718372841086976
909718369661628418
909718364666314752
909718363672264710
909718363496095744
909718362560774144
909718362468618240
909718362254643200
909718361289973760
909718354465759232
909718353702412288
909718352221888512
909718348417642496
909718348312846336
909718346844786688
909718345640853509
909718344718307328
909718343082377217
909718342730055680
909718342696603649
909718338712035328
909718336677785600
909718336396816385
909718336258293760
909718335717289984
909718335415128065
909718334853193736
909718333804748800
909718332949090304
909718331170594817
909718330533138433
909718329736220672
909718327764901888
909718325382479872
909718323364900864
909718321192476672
909718320970166272
909718318327595010
909718316935151616
909718316192878592
909718315676897280
909718314955546624
909718312740806657
909718310929002498
909718310383734785
909718310190764032
909728540471345152
909728539875844096
909728539594784768
909728538000896001
909728536822415361
909728536491184128
909728536444809217
909728536415551488
909728533408210945
909728533341143040
909728532498173953
909728531826929665
909728531806134272
909728531336200192
909728528668782593
909728525891989504
909728525762142208
909728522977124352
909728520531775488
909728519361413120
909728518027669504
909728517985779713
909728513019625473
909728512122245121
909728511165734913
909728508221337601
909728506027892736
909728505688031232
909728504652079104
909728501455921152
909728498260021248
909728497454637057
909728496901148674
909728496741576705
909728493247885312
909728492794843137
909728492312436736
909728491716923393
909728491624640513
909728489686921216
909728489300996096
909728488948748288
909728488722182144
909728487379894272
909728487208046594
909728485459075073
909728485068857350
909728481939828736
909728481176629248
909728480350425088
909728478500548608
909728477225586689
909728476655124481
909728475543736320
909728472402083840
909728470334181376
909728470195990528
909728467620524038
909728467524108288
909728467473911808
909728466903252993
909728464575512576
909728464340754432
909728463803879424
909728463787118592
909728462532956160
909728460624494592
909728459810836480
909728459659677696
909728458778931200
909728457424277504
909728454966415361
909728452533616640
909728451254525952
909728448536440833
909728447177539585
909728443012730881
909728442773471239
909728440651337728
909728439829172225
909728439006932994
909728438533140480
909728437576794112
909728437115396097
909728434938630145
909728429641052165
909728429150543872
909728429100208128
909728427653156864
909728425723621376
909728423001473027
909728422405980161
909728421361651712
909728420539617280
909728418698162184
909728418538893312
909728417603563521
909728416739594240
909728416001224704
909728412381609984
909738304400166912
909738303603212289
909738303598899203
909738302370123776
909738302269509633
909738298947571712
909738298825900034
909738298746142722
909738295990587392
909738295042691073
909738295038402560
909738291326361601
909738290244472832
909738288323354624
909738288029847552
909738287069360129
909738284695384064
909738284326244352
909738284158472193
909738282543669248
909738282279370752
909738281620967424
909738280115216384
909738279498665985
909738279465111557
909738279238619137
909738277015638016
909738273748262912
909738273467191296
909738272880054273
909738272179605506
909738270216437760
909738269109362689
909738268673093632
909738267884392448
909738267087646722
909738267037261824
909738266387030022
909738264398987264
909738264034148354
909738263136452610
909738260930457600
909738260884099072
909738260443799552
909738259512774658
909738258661220353
909738258275414016
909738257533063169
909738256417222656
909738255964409857
909738255272341505
909738252185341953
909738250054627328
909738249836531717
909738249442217984
909738247038885888
909738245650399232
909738244434268165
909738244262301696
909738243708428288
909738243599552513
909738243507310593
909738243175759873
909738242282360832
909738240810389504
909738238490955777
909738237811232768
909738235420659712
909738231549263872
909738230496538624
909738229703823360
909738229309599744
909738228869156865
909738228776787971
909738226423926784
909738225895342080
909738225278664706
909738223290732544
909738222904905729
909738222246297600
909738220702879744
909738220136521728
909738220006633472
909738218580578305
909738216768520192
909738216378396672
909738216177233920
909738215699107841
909738215317393409
909738214486937600
909738211462787072
909738211269738496
909738209923538944
909738208929488896
909738208354635778
909738207599906824
909738207570464769
909738207465623552
909738205729165312
909738204861026304
909753854618505222
909753854182461440
909753852626329600
909753851863093248
909753851653378048
909753849581375489
909753848318840832
909753846989123584
909753842329202688
909753841956130819
909753840664285184
909753839590432769
909753838822858757
909753838277558277
909753835664449536
909753833936637952
909753832942514177
909753826638430208
909753826181226501
909753825031995392
909753824067366913
909753820858662912
909753819008872448
909753817104736256
909753814722465793
909753814147792897
909753813522927616
909753813099200513
909753808783159296
909753808359698432
909753806098804737
909753805444485120
909753805423616001
909753803771068417
909753803393699840
909753802961620992
909753802470952960
909753801372000256
909753800511983616
909753799429861377
909753797299310592
909753793629257729
909753793096454144
909753792912134149
909753792715001856
909753791821549568
909753790386937859
909753788105416706
909753787119632384
909753786478088192
909753785429270528
909753785341431808
909753784850563072
909753783994814464
909753783147667456
909753781289709568
909753777816666113
909753776881446912
909753776206213122
909753775505764352
909753775128285184
909753775048585216
909753774847164417
909753773580468225
909753771432935430
909753770342354945
909753770212458496
909753770187386882
909753769990033408
909753767075205121
909753766802583560
909753766408282112
909753766081122304
909753764466245632
909753763040243713
909753762281021440
909753761739837441
909753760561410055
909753759592525824
909753758250303491
909753756975341568
909753756572565504
909753756111253505
909753754945228801
909753751434559489
909753750574813184
909753750184710145
909753748343242753
909753748129329152
909753747559067648
909753747177443328
909753746443440128
909753744950259713
909753744866263045
909753742689435648
909753740365885440
909753740093206528
909753739690627072
909753737102581762
909753735697637376
909760844891746304
909760844157812736
909760842232602626
909760841389449217
909760841368481793
909760840643080192
909760839367954432
909760834682982401
909760834506764288
909760834011750401
909760831969124352
909760831969099777
909760830882717696
909760830664736769
909760828613713921
909760827925786624
909760826533224448
909760823211388929
909760822850748417
909760821655330816
909760820795576321
909760820678217729
909760819688226817
909760819503747072
909760819361173504
909760818983702535
909760818123767808
909760818052395008
909760816932466688
909760814113972224
909760811836465152
909760810955739136
909760805595467777
909760804580405249
909760798934929409
909760798456635392
909760797051457538
909760796837711872
909760795109494784
909760794883231744
909760794853806080
909760794631446529
909760791393521664
909760790802108416
909760790491811840
909760789367619585
909760788591775744
909760788339888128
909760787857723393
909760786943246341
909760786939162624
909760786297372672
909760785412272128
909760784036745216
909760783227117568
909760783063617537
909760782161739776
909760781368967169
909760781096443905
909760779544489984
909760778198306816
909760777405464576
909760777061490688
909760776964943872
909760772716318720
909760771063652353
909760769503481856
909760769432084480
909760769000062976
909760768261926913
909760766768594945
909760766613520384
909760766399705089
909760766001205248
909760765518692354
909760763895595008
909760762213748737
909760761962020865
909760760275812357
909760758296252416
909760757822312448
909760755720970240
909760754924081153
909760752877281280
909760750599667713
909760749488222208
909760742878007298
909760742836056064
909760742366367744
909760741368107009
909760740931899392
909760738838958080
909760737953800194
909760735785472000
909760735005298693
909760733344387072
909760730248863744
909760728739012609
909760728508268544
909760728470626304
909788123336454145
909788107624648710
909788089186443265
909788030994706437
909787990125432832
909787946202615809
909787936111067136
909787843844726784
909787770654162944
909787716174401536
909787533260795904
909787477661110272
909787436443631616
909787369007718400
909787126102937601
909787081857171456
909786947354337283
909786946611924993
909786940970430465
909786916958167043
909786913330139136
909786859630469121
909786836582707202
909786772787384320
909786676029001728
909786651957825538
909786623189151744
909786589550616577
909786580302385153
909786561268600833
909786556055019520
909786552540307457
909786422726492165
909786229503332359
909786085496156160
909786082849492993
909785902255353857
909785810211414016
909785799910141953
909785754498424832
909785632158908417
909785475682054145
909785400276914177
909785341409755138
909785338171752449
909785280089075712
909785277316681749
909785175399321600
909784958520176641
909784866698428416
909784856367976448
909784809202995209
909784756761563136
909784756358959104
909784728382971906
909784674255417344
909784656115060736
909784653254578176
909784597994594304
909784440871833600
909784432193785858
909784418918785024
909784401877307397
909784355593244672
909784325343907841
909784229394960387
909784208641548289
909784060830081025
909784044447125504
909784031964823552
909783994841124864
909783794210758656
909783690519203842
909783689915195393
909783592783532032
909783560567050240
909783470238560257
909783075411890176
909783041479991296
909782985859325952
909782837661978624
909782815323168769
909782643356704768
909782551253962752
909782449093316608
909782380621303809
909782351378550784
909782319757709315
909782292125683712
909782231878692867
909782135313256448
909782048214327296
909782034083663872
909782022029275137
909781964496031747
909781895428427777
909781893452910593
909781801807286273
909781778449154048
909781764356411393
909803123589484545
909803121190293506
909803091695894529
909803070254649345
909803062293868549
909803015414140928
909803015162531841
909803014621401088
909803006530637825
909803004559331335
909803001648381953
909802984296480768
909802981884698624
909802968689594370
909802920484450305
909802881435553797
909802869561462789
909802760501170176
909802744671866880
909802723159281665
909802654422925312
909802634013495296
909802612668723201
909802582947893248
909802555684921344
909802515411214337
909802486940291073
909802438038781952
909802345210552321
909802326986297346
909802286620319745
909802276205813760
909802244555575296
909802226411073536
909802220950040576
909802162338910208
909802113445834752
909802091866189824
909802079505518592
909801996085014528
909801972840194048
909801946592239616
909801922521174017
909801918708551680
909801888849317888
909801887687430145
909801812915572741
909801805290319872
909801788957691904
909801766266556416
909801755893886976
909801753197072385
909801747652194304
909801745659891712
909801739485884417
909801737598455808
909801729914540032
909801725992849409
909801720045334528
909801717671358466
909801716098506755
909801704694145024
909801646850535431
909801622741676034
909801487383105536
909801480202285057
909801469624377344
909801442877300736
909801382181576704
909801338418196480
909801233287991296
909801218805026827
909801200731787266
909801008187924480
909819224415023105
909819224356302848
909819222234198017
909819221269520384
909819220342525953
909819220099076096
909819219629527040
909819219126243330
909819217867718656
909819216630513664
909819216227737600
909819216198557696
909819216114667520
909819215913160704
909819215485562880
909819215221104641
909819214361432064
909819212754952192
909819210146050049
909819210108477440
909819209781096453
909819207566680066
909819207172317184
909819206727819264
909819206664728576
909819206270640129
909819205498916867
909819205205315584
909819204567629824
909819201036091392
909819199555604480
909819199475855360
909819199312277511
909819198263742467
909819198003703808
909819197919780865
909819196673974272
909819195986202624
909819195273154560
909819194581114881
909819194308411392
909819194174169089
909819193788428288
909819193071144961
909819192378925056
909819191624159235
909819191397675011
909819190873251840
909819190713995265
909819189568737280
909819188931436546
909819188826525697
909819188188938241
909819188155486209
909819188067348480
909819187845050373
909819187299852288
909819187270385664
909819187253608448
909819186632728576
909819184837783552
909819184707710981
909819184686780422
909819182581211136
909819182035988482
909819181037686785
909819179053703168
909819175320907776
909819175010492417
909819174267928576
909819172741373953
909819169587200000
909819168878321664
909819168282701824
909819168089706496
909819167599153152
909819167326576645
909819165204238336
909819165149732865
909819164000321536
909819163916500992
909819163006439424
909819161358077952
909819161043521536
909819161030778881
909819159869083655
909819159558676480
909819159038578690
909819158291812353
909819156190695424
909819154802315264
909819151086211073
909819150318620672
909819150171860992
909819147256770560
909819146636087296
909819144840859649
909819143217696769
909819141674143744
909819141007331329
