908970443058630657
908798404872073217
908798281173610496
908798263880495111
908797882232397826
908797846253719553
908797782085029888
908797682914865153
908797666020163585
908776651269566465
908776479877734406
908776392535547910
908776311744851968
908776283487784966
908776220535529472
908776192354000898
908776174431633408
908776146413735936
908775993510424576
908775860055965697
908775810559078400
908775783124127745
908775765889699841
908775734273036288
908775690735988736
908775604933275648
908775555633381376
908775502504251392
908775484548362240
908750123529842688
908750072271327232
908750042365927424
908750019599175682
908750011973951489
908749955397013506
908749885566078977
908749864112132096
908749761892757508
908749745593700353
908749733941927937
908749708411187200
908749545894563841
908749458632003584
908749418253479936
908749233599270913
908749133871239168
908749066175205376
908749021254123521
908748909354323969
908741713853915136
908740668092186624
908740631052345345
908740585531543553
908740553277353984
908740490262085633
908740478362951680
908740417050615808
908740389280079873
908740348851232768
908740320346636289
908740303770841089
908740283038359553
908740257805422592
908740229447680002
908740099483082757
908740027294916608
908739936450433024
908739919622926336
908739914887548928
908739826605805568
908739775913447425
908739749892018177
908739689003257857
908739672574238720
908739660725325825
908739645156024321
908739627246342144
908739583789191169
908739553606930432
908739537307914240
908739518303436800
908739479669739521
908739440696283136
908739409591373824
908739390838640642
908739375281967104
908739341173841920
908739315836080128
908739296575844358
908983017187663872
908983017145819136
908983017015672832
908983016143441920
908983016042659840
908983015220453376
908983013207416832
908983013068935168
908983012976709632
908983012636930048
908983011210924033
908983011147960320
908983010225033216
908983009944195073
908983008421711872
908983008102719488
908983003216461824
908983000968306694
908982998145437696
908982996249698304
908982996014960641
908982995289178112
908982994593075200
908982993682944000
908982992885952512
908982991392612354
908982991346475009
908982990948233216
908982987517173762
908982985487192064
908982985310994433
908982985281564672
908982984774168576
908982984644194304
908982981448024064
908982981238411264
908982981112487936
908982979283738625
908982977488551936
908982975450120192
908982975290859520
908982975257292800
908982975227924481
908982974082928641
908982970790400002
908982969972416513
908982969620197376
908982968718200832
908982968244305920
908982966734475265
908982965631250432
908982964876390400
908982964226228225
908982959822303232
908982955426455552
908982953539244033
908982953321091073
908982949433020416
908982949386715143
908982949088976896
908982949013446656
908982946757038080
908982946081660929
908982945301573632
908982944785559552
908982943984553984
908982942432624640
908982939920211968
908982937353441280
908982935507709953
908982934971060224
908982934429765632
908982934404710400
908982934023004160
908982932341174272
908982931795755008
908982931166810112
908982930843721728
908982930319347712
908982929870667776
908982929090650113
908982928062816256
908982924485181440
908982923457699841
908982923122085888
908982922845097984
908982920672460800
908982917724098560
908982917287747584
908982916188848133
908982916184670208
908982915509489664
908982914209247233
908982914041266177
908982910316814336
908982910262288384
908982910040117248
908982909687779328
908982909507313664
908982908785975297
909091755651485696
909091754070089728
909091753785020417
909091753302532096
909091753285656576
909091753222918145
909091753164029952
909091752400883713
909091751603949569
909091751427702784
909091749842362369
909091749825355776
909091749590704129
909091749225746432
909091748663762946
909091746877001729
909091746809774080
909091746801369088
909091746788888576
909091746788859904
909091745102798849
909091744129490946
909091743752232960
909091743399862273
909091741978038273
909091740795260928
909091740702953473
909091740174503936
909091738777784320
909091736764293120
909091736231673856
909091735573110784
909091735132934144
909091734864515073
909091733111263233
909091732804984832
909091732779921410
909091732465373184
909091731970285569
909091731936817153
909091730926051329
909091729814499328
909091728648323072
909091728396836865
909091728015204358
909091727159517184
909091726748463107
909091726530367489
909091726018490368
909091725225861120
909091725192384522
909091724995301376
909091724840062976
909091723598581761
909091723158093824
909091723141410817
909091722889777152
909091722763931648
909091722419933184
909091721946042369
909091721664897026
909091720838762497
909091720775614464
909091719576043521
909091719483813888
909091718162558981
909091717902684160
909091717646880768
909091716573122560
909091716547915781
909091715411251201
909091715176452096
909091714853408769
909091714773786624
909091714517708800
909091714337357825
909091713179897856
909091712286449665
909091711451893761
909091709862203394
909091708801110018
909091708436131843
909091708138397696
909091707878129665
909091707177680897
909091705890250759
909091705814683648
909091705290350592
909091704929751041
909091704719818752
909091704694820866
909091704216674304
909091703109365760
909091701926645760
909091700404101120
909091699422527488
909091698562572288
909091697627324416
909091696083853313
909091695605686273
909116478301003776
909116478095368193
909116476212240384
909116475746615297
909116475436187649
909116475012636672
909116474471665664
909116474345836544
909116474274533376
909116474077405184
909116473301487617
909116472340951040
909116472198393857
909116471300595712
909116470612959233
909116470029901825
909116469614653440
909116466057945088
909116464086573062
909116463142731776
909116463075807232
909116462195003398
909116461721030657
909116461590958080
909116461234434051
909116456503332865
909116455689392128
909116455605719041
909116454796238848
909116453365760006
909116452770390016
909116450748731392
909116450656354306
909116450618482688
909116450316709891
909116448336789504
909116448223776768
909116447292514306
909116447108091904
909116447057616898
909116445963022336
909116445589741569
909116443848957952
909116443362443264
909116441819000833
909116441768624128
909116441500172288
909116440732749825
909116439252135936
909116439189000192
909116438975336448
909116437725315073
909116435607236608
909116433426112513
909116433333923841
909116432989880320
909116432608382980
909116432574644225
909116430439682049
909116430406291456
909116429915480064
909116429730971649
909116429403869185
909116427415822336
909116427285573632
909116426476294145
909116425725456385
909116425599684609
909116425486430208
909116424248975360
909116424219762688
909116423921946625
909116423364055040
909116422588157954
909116421862449153
909116420176322562
909116418880364544
909116418750390273
909116418117001216
909116418108530689
909116416212815872
909116415436775424
909116414874865670
909116414690234369
909116414639968256
909116414044205056
909116413423403013
909116412756496384
909116412542590976
909116412274331648
909116412190429185
909116411116523520
909116410323972096
909116410067955712
909116409988358144
909116409455812611
909116408419594240
909116408369315841
909116407857553408
909116407597686790
909147870208708608
909147866798673920
909147866173726720
909147865309736961
909147864944623616
909147863636209665
909147863074131970
909147862461755392
909147861748715522
909147860842745856
909147857592168453
909147856694599681
909147856254234625
909147856254074880
909147856237400064
909147856187076615
909147855604080674
909147854895304706
909147853683138560
909147853573971968
909147852906958848
909147851372077056
909147850457587712
909147849614651394
909147846724739073
909147842568183809
909147841842565120
909147840403968000
909147839522938880
909147839447683075
909147838755561472
909147837337882624
909147837262368768
909147837153366018
909147836746477570
909147836146704384
909147835282657282
909147833315377152
909147831524454400
909147830115295233
909147829192609792
909147829154828288
909147827539910656
909147827124744194
909147826923417601
909147826898325505
909147826050940929
909147824381677571
909147822443909120
909147821718122496
909147819881017346
909147818908160001
909147816727126016
909147816664190982
909147816357978114
909147816035016704
909147815548350464
909147814780862470
909147813811851264
909147813577027584
909147810326556677
909147810183958531
909147809118429184
909147809022140423
909147807835181056
909147807608721409
909147807533080576
909147807151542272
909147800213921793
909147799970775040
909147797840125954
909147796392910848
909147796061802504
909147795600183296
909147794837065728
909147794606297088
909147794375610370
909147792299438081
909147791775150080
909147791749976065
909147791347372032
909147789841625088
909147789011095553
909147788725952517
909147787241054208
909147786515505156
909147786242695168
909147785261387779
909147784133185536
909147784044961792
909147783944323073
909147781893431297
909147778571522050
909147777220956160
909147776600219648
909147776004640768
909147775048327168
909147774960013312
909147773785772032
909147773165064193
909166392364036098
909166391848325120
909166391017725952
909166390627721217
909166388606062592
909166387477860352
909166384948633602
909166382587219968
909166382373376001
909166382289444864
909166381454827520
909166378778841088
909166377969348609
909166376883032081
909166376492736512
909166375410814976
909166373275828229
909166372168626176
909166371954716673
909166371581431808
909166369937145856
909166369924562944
909166369652006912
909166368888545281
909166368397787136
909166368318197760
909166366787284992
909166366741188611
909166365172490240
909166363947753472
909166362852958208
909166361900867584
909166361464762369
909166360743305216
909166360101605381
909166360047099904
909166358511751168
909166356951715841
909166355953405952
909166354510598145
909166354229596160
909166353701113858
909166352706920449
909166352669212672
909166349854826496
909166348059725824
909166345933094912
909166345480175617
909166345266319365
909166343504592896
909166342657515520
909166341952860160
909166341738790912
909166340245786625
909166340153409537
909166340035960832
909166339150929920
909166338521702400
909166338337378304
909166338291195905
909166337578201088
909166335804018688
909166335346737152
909166335153885185
909166331689340929
909166331626475520
909166330691145728
909166330640613376
909166329814433792
909166329411670016
909166327780306945
909166325431336961
909166324001103872
909166322084442112
909166321002303495
909166319085420544
909166318401835010
909166318284410880
909166317009342464
909166314861850625
909166314660302848
909166314538913793
909166314530365440
909166313720991744
909166313284755458
909166312852770816
909166312395436032
909166312345292801
909166312198479873
909166311858728960
909166311854440453
909166310579429381
909166308087832577
909166307702013952
909166305890258944
909166305768550407
909166302559969285
909166301981106178
909166298722033664
909166298051080194
909280926911283201
909280925531332614
909280923656396801
909280919285985280
909280918979989505
909280917419462661
909280914240188416
909280914068340736
909280912419979265
909280910868189184
909280910616530944
909280909089804288
909280908343209984
909280908221362176
909280907827101696
909280905864327168
909280904861728768
909280899103150081
909280898302046208
909280894803894272
909280894644637696
909280894325846016
909280893537325056
909280891922391046
909280890412425217
909280890223808512
909280889816756230
909280887606530049
909280886113288192
909280885739896832
909280883617574912
909280882678054914
909280882363478016
909280882158051329
909280880761458689
909280879234682880
909280874063187968
909280873618354177
909280872527929344
909280870384664576
909280869436846080
909280867754713088
909280866873909248
909280866832048128
909280865812758528
909280857701019648
909280856509784065
909280855666909184
909280855486373888
909280854970470400
909280854429507584
909280853108203520
909280853045411842
909280852269518848
909280850969206784
909280850864410624
909280847710134272
909280847429214208
909280847139766272
909280843331379200
909280840743493632
909280839485186049
909280838159761408
909280838034116608
909280837329412096
909280837069266945
909280836058439681
909280835689373697
909280835404275712
909280834099798016
909280833592324096
909280832673558528
909280829687291905
909280827174944773
909280827019714562
909280821076385793
909280820480954368
909280818744324097
909280818152972289
909280813606424576
909280812687777792
909280810984812546
909280808938045441
909280808439033856
909280806081884160
909280804840329216
909280804794241025
909280804559343616
909280803661651968
909280800880734208
909280799291330561
909280797294706688
909280797152051200
909280795839406080
909280793289138176
909280792764809217
909280790852263936
909280784984371202
909280782132289537
909280781499076608
909338909774987264
909338908927946752
909338908886016000
909338903391428609
909338897909346304
909338897292783616
909338897221431296
909338896948973569
909338896873304064
909338896479141888
909338895074041856
909338893001957376
909338892947599360
909338891588575233
909338890099666944
909338889659277312
909338887608139777
909338887272636417
909338884697231360
909338884533882880
909338882625355777
909338881119711233
909338880628940800
909338879211315200
909338878221283329
909338876782682112
909338876464033792
909338873326575616
909338871409889281
909338871342567424
909338869161656321
909338868784144384
909338868201279488
909338867609694208
909338866791874560
909338863298121728
909338862245294081
909338861855272960
909338861351964672
909338861012054016
909338858747072512
909338857618976769
909338856104660993
909338855911944197
909338853751820289
909338852422234112
909338851730087937
909338850572603392
909338849930772481
909338848387198976
909338847271583745
909338845921075200
909338845497438208
909338844725686272
909338844281044992
909338841991049216
909338838761377792
909338838253924352
909338836685160448
909338834541916160
909338832079859712
909338827679989761
909338819002060800
909338818930765824
909338818490363905
909338817420599296
909338817408024577
909338815684333568
909338808772042752
909338808662949889
909338808478502912
909338806985228289
909338805781630976
909338800236744704
909338799439699968
909338796809904128
909338789067161600
909338787834208257
909338785334280194
909338778501709824
909338777029627904
909338776652189696
909338776001900544
909338772541550592
909338769957912576
909338769924308992
909338769672871936
909338767613243392
909338764551405573
909338763406528512
909338763058454530
909338761334374401
909338759732318208
909338759317135360
909338757844885505
909338757018595329
909338756045557760
909338754061500418
909338753273143296
909338751809269760
909485024143175681
909485024000532486
909485022830309376
909485020716441601
909485020313616384
909485020259041280
909485019323785216
909485017994350592
909485017952342019
909485017277124609
909485017126055936
909485016329027584
909485016081502209
909485015532269568
909485014684971011
909485011451236353
909485011287633920
909485010595524609
909485007374299137
909485007244230657
909485004723499008
909485004505436160
909485002362179584
909485000411586561
909484999275089920
909484997534535682
909484997224083460
909484995722584064
909484993902243840
909484991486275584
909484988793589761
909484987971497984
909484987908489217
909484986524422145
909484982388768768
909484980774031360
909484980354428928
909484980082003968
909484978664218624
909484978555248640
909484977183629314
909484977057943553
909484975862333440
909484975338246144
909484967406665729
909484967079567361
909484966404411392
909484966383415296
909484964776988677
909484962533003268
909484958816796674
909484955155255296
909484954622373888
909484954169602051
909484953137766410
909484952823173121
909484949702627330
909484949442580480
909484948939141120
909484948725301248
909484948104421376
909484947731337216
909484945038565377
909484944979906561
909484942597423104
909484941582438400
909484940248649728
909484939728392192
909484939405434880
909484939401363457
909484938587762690
909484937295859712
909484934993207296
909484934875754496
909484932451332097
909484931973369857
909484931394543616
909484929339281408
909484926214529024
909484926151659520
909484925702651904
909484925639905281
909484925052743680
909484924239073280
909484923232428032
909484922812764160
909484921298620416
909484919608487936
909484919117643776
909484917972770817
909484917850959872
909484917679169536
909484917544845315
909484916714409985
909484915850276865
909484915107954688
909484914671783937
909484914231447557
909484913635872768
909484912314601472
909504014487715840
909504014273908737
909504013715914752
909504012759658496
909504010432008192
909504010406596609
909504009974763520
909504009773469698
909504009349844992
909504009232363526
909504008947159042
909504006661316608
909504005554008067
909504003100303362
909504002437537792
909504002253099008
909504001946898432
909504000315228163
909503999111581697
909503998155268096
909503997928763392
909503997400281088
909503995462377473
909503995177259010
909503994766258176
909503994283921410
909503994036412417
909503993822322689
909503993726070784
909503993109471233
909503992895598592
909503992878813186
909503992371273729
909503987157803009
909503987153620993
909503987099013126
909503986910339073
909503985698070528
909503985429602304
909503985396183040
909503985383550977
909503985257771008
909503984616005632
909503983366004736
909503983135444994
909503982044958722
909503981596094465
909503981164027904
909503980828422145
909503978584416256
909503978307706880
909503978270085121
909503977699627009
909503977611419649
909503977561063425
909503977036775424
909503976202260480
909503976063721473
909503976051281920
909503975367507969
909503975015288834
909503974629310466
909503974147067904
909503974142857221
909503972775514112
909503972632821765
909503972548972546
909503972003733504
909503970934185984
909503970338590720
909503969633939459
909503967494905856
909503966119174144
909503965267660801
909503962625249282
909503959689306115
909503958934216704
909503954937053185
909503953666285568
909503953452204032
909503949648019456
909503949476122625
909503948809220099
909503948578533378
909503948381442050
909503947970351104
909503947743924226
909503945206374400
909503944891781123
909503944317120514
909503944279207936
909503943608344577
909503943226658817
909503942903640064
909503942433927169
909503941343297536
909503941225754625
909503939606958081
909503939040641024
909503939028144128
909517623699832832
909517622647164928
909517621556600832
909517621359341568
909517621208346624
909517620797468672
909517620415574016
909517620361043968
909517619753111552
909517619526586368
909517619522400257
909517619329368066
909517617643315202
909517616112320512
909517614845710336
909517613490999297
909517612891041792
909517612757000193
909517612262060032
909517610999517186
909517610592727040
909517607971176448
909517607476310018
909517605911789568
909517603139457032
909517600597663744
909517600564137985
909517599595212800
909517598227877888
909517596902469632
909517595769946112
909517595300237315
909517595174416384
909517593362305025
909517592221462528
909517590057373696
909517589856088065
909517589373734918
909517589021327365
909517588954218497
909517588757172225
909517588182511619
909517588022968320
909517587549171712
909517586982952963
909517586823557121
909517584206303239
909517583531085824
909517583451172864
909517582738259970
909517581492588549
909517580620189696
909517579491987456
909517578321649664
909517576346140672
909517575872229377
909517574861357057
909517572470706176
909517571791056897
909517570356760576
909517569408720896
909517567705747456
909517567420596224
909517564794900480
909517563821834240
909517561888477184
909517561875845121
909517561561153537
909517559359295489
909517559187300352
909517558918766592
909517558872543233
909517557886894081
909517556951556101
909517556179980293
909517554783096832
909517554581774336
909517554070286337
909517553428549633
909517552824459264
909517552782598146
909517551494946817
909517550488190977
909517550228328451
909517546415632386
909517544343535616
909517544012304386
909517542250520576
909517541432807424
909517539805249536
909517539679621120
909517539545403392
909517538555461633
909517538500972544
909517538492600320
909517538085818368
909517537213169665
909517536538058752
909517536210821120
909517535678054400
909532125661147137
909532091699908613
909531985244311552
909531877928824832
909531835918675968
909531757585813505
909531756902182913
909531688019070978
909531489196494850
909531470842052608
909531241023754242
909531038208135168
909530997250756609
909530955433627654
909530920415322112
909530767515983872
909530753037488128
909530723119505409
909530459675164673
909530381141118977
909530364695150593
909530159589584903
909530069814693891
909529999903948800
909529969419792385
909529821801254913
909529802415247361
909529671230017542
909529643635630081
909529600849571841
909529558738550784
909529526690091012
909529466011111424
909529399858364416
909529367226744832
909529307646590976
909529303150239744
909529278781501440
909529127472025602
909529038418571264
909528955228704768
909528929094029312
909528906927099904
909528791701229568
909528542236594177
909528397012803585
909528368181383168
909528359637483521
909528063989383169
909528061586132993
909528049020006400
909527949774409728
909527829276131329
909527704395042818
909527703094726657
909527636090789890
909527610857631745
909527551827202048
909527497225650176
909527241247338496
909527241226428416
909527203741921282
909526751033905154
909526647468118017
909526315052789768
909526285789122560
909526243074351105
909526211210211328
909526127366017024
909526007949950976
909525946054651906
909525913179746304
909525905533493254
909525695604383749
909525688281178114
909525687333253120
909525474988130305
909525201162952704
909525030517772289
909525013908410380
909524935130992641
909524804436414464
909524745548386305
909524579693006848
909524523120197633
909524486793424896
909524447920627715
909524428765192193
909524385043746822
909524245969080323
909524106118406144
909524099638218754
909524023243141121
909524012790894604
909523936555171840
909523873661640705
909523834415538177
909523724960882688
909523639212675072
909523635597185024
909692431964229632
909692061431074817
909691777644466176
909691702713122816
909691677333491712
909691633465282560
909691506314944512
909691376962605056
909691369408598016
909691228324802561
909690554195365888
909690152968232960
909690041936613376
909689639186903042
909689269626777600
909689266938236928
909688432175263744
909688315942711297
909687923716521984
909687616001515520
909687568685465600
909687423969439746
909687312585543680
909687149024432128
909684737517768704
909683772840382464
909683563213283329
909683546746445824
909683220408668160
909682685404172288
909681514207678464
909680259997605888
909680190804103168
909679848854921216
909679228907671552
909678983868043266
909678575883837440
909677843453550592
909677352862363648
909677041234120704
909676802339229696
909676799981965312
909676616170827776
909675600121663488
909675373125881856
909675298777640960
909675268851339264
909675149816991744
909675106850414592
909674265846444032
909672757671030784
909672732715094016
909670684497936385
909670511772405760
909670023232356353
909669818827202560
909669462676254720
909669128302145536
909668775317901313
909668345414332416
909668026177478656
909665048867504128
909662796484349953
909662599746334720
909661303911968768
909660446717771776
909660145566621696
909659138673831936
909659108856487937
909658956515221504
909658890744352768
909658262735273985
909657997894352896
909657910984265728
909657013860405248
909656582073520128
909655293587533824
909654754430656513
909654119371149312
909653685055234049
909653350022549505
909652697158217728
909652565461172224
909652560511930368
909651818501861376
909650906182012928
909650890339921920
909650819464749056
909650558155444224
909650170698240006
909650103186665474
909649658531762176
909648968656633856
909648609058148352
909647922077294592
909647447919616000
909647408505720832
909647367292452864
909647077864562688
909646858720382977
909708603262562304
909708602574696454
909708601349914624
909708601228500992
909708600783671296
909708597415817217
909708596937596928
909708595410997250
909708594869813249
909708594823798784
909708594823737344
909708593389293570
909708590751141888
909708590428037120
909708589790646273
909708588544876544
909708588536475648
909708588477804545
909708588431659008
909708588410695681
909708588406464512
909708588389732355
909708588385488896
909708588377104385
909708588364550144
909708588364464128
909708588343545856
909708588339298309
909708588335190021
909708588309995520
909708588301635586
909708588213469184
909708588171583488
909708588167438336
909708588083503104
909708588079337473
909708588079288320
909708588062474240
909708588054085632
909708588050010113
909708588049948672
909708588049944576
909708588045754369
909708588045742081
909708588024844289
909708588024844288
909708588012249088
909708588012228608
909708588012179456
909708588008054784
909708588007993345
909708588007993344
909708587999604736
909708587999559680
909708587987021824
909708587986976770
909708587982888960
909708587974447106
909708587974447105
909708587970199552
909708587966062592
909708587966058497
909708587966058496
909708587966050304
909708587957735424
909708587949322241
909708587940933633
909708587932508162
909708587928309760
909708587911581696
909708587894808576
909708587886399489
909708587886399488
909708587878010880
909708587877969925
909708587873824768
909708587844415488
909708587831906304
909708587781562368
909708587760586752
909708587743764480
909708587718660096
909708587584368640
909708587571777536
909708585378119680
909708584061194241
909708583289442304
909708582718906370
909708582173655040
909708581729009664
909708580466634752
909708580189696000
909708579304644608
909708578017202176
909708577761144833
909708575596937216
909708575198597125
909708573495648261
909708573034156032
909708572765847552
909718480777302021
909718479904890880
909718479179210752
909718473584074752
909718473575723008
909718473080807424
909718472489279488
909718472392818688
909718468630528000
909718468022476801
909718465543536640
909718465178669057
909718464155279360
909718463794384897
909718456878149632
909718456211144704
909718455040983040
909718454466314242
909718451236700161
909718450947411968
909718447864528897
909718447776571392
909718447755599872
909718446258126849
909718444504866816
909718444311945217
909718444160950273
909718443921952773
909718443083091969
909718442214793216
909718438981062656
909718434287669249
909718433436246017
909718428415614977
909718427492896768
909718425295101953
909718425143934976
909718423742984192
909718421385949184
909718417325776896
909718414670876672
909718409826447360
909718409591402496
909718408811315200
909718408245186561
909718406508666880
909718405946773504
909718405338615808
909718403639910401
909718398967234560
909718398489235456
909718391421788160
909718389731483649
909718388582125568
909718388452335616
909718388137750530
909718387584114688
909718386967502848
909718386216767488
909718384421478400
909718383469395968
909718379409182720
909718374443134982
909718373063327744
909718372841086976
909718369661628418
909718364666314752
909718363672264710
909718363496095744
909718362560774144
909718362468618240
909718362254643200
909718361289973760
909718354465759232
909718353702412288
909718352221888512
909718348417642496
909718348312846336
909718346844786688
909718345640853509
909718344718307328
909718343082377217
909718342730055680
909718342696603649
909718338712035328
909718336677785600
909718336396816385
909718336258293760
909718335717289984
909718335415128065
909718334853193736
909718333804748800
909718332949090304
909718331170594817
909718330533138433
909718329736220672
909718327764901888
909718325382479872
909718323364900864
909718321192476672
909728528668782593
909728525891989504
909728525762142208
909728522977124352
909728520531775488
909728519361413120
909728518027669504
909728517985779713
909728513019625473
909728512122245121
909728511165734913
909728508221337601
909728506027892736
909728505688031232
909728504652079104
909728501455921152
909728498260021248
909728497454637057
909728496901148674
909728496741576705
909728493247885312
909728492794843137
909728492312436736
909728491716923393
909728491624640513
909728489686921216
909728489300996096
909728488948748288
909728488722182144
909728487379894272
909728487208046594
909728485459075073
909728485068857350
909728481939828736
909728481176629248
909728480350425088
909728478500548608
909728477225586689
909728476655124481
909728475543736320
909728472402083840
909728470334181376
909728470195990528
909728467620524038
909728467524108288
909728467473911808
909728466903252993
909728464575512576
909728464340754432
909728463803879424
909728463787118592
909728462532956160
909728460624494592
909728459810836480
909728459659677696
909728458778931200
909728457424277504
909728454966415361
909728452533616640
909728451254525952
909728448536440833
909728447177539585
909728443012730881
909728442773471239
909728440651337728
909728439829172225
909728439006932994
909728438533140480
909728437576794112
909728437115396097
909728434938630145
909728429641052165
909728429150543872
909728429100208128
909728427653156864
909728425723621376
909728423001473027
909728422405980161
909728421361651712
909728420539617280
909728418698162184
909728418538893312
909728417603563521
909728416739594240
909728416001224704
909728412381609984
909728412012617729
909728410833903616
909728410762665984
909728410267561984
909728410007687168
909728409881890816
909728407596011521
909728405054144512
909728404290834432
909728402999054337
909728402990669824
909728402411855873
909728401308733440
909728397588180992
909738337451245568
909738337153507329
909738336516009986
909738333017952257
909738332720128000
909738332258803712
909738330404921344
909738328517312512
909738326705422337
909738326642630658
909738326327824384
909738326323843073
909738326026080256
909738322976575488
909738321886175232
909738321840099328
909738317473869826
909738316584558592
909738316525907969
909738315435380736
909738315003383808
909738314554626048
909738314546245634
909738314533498880
909738313996689408
909738311954063360
909738311866077184
909738311576621057
909738309827665920
909738309437480960
909738309391343616
909738309315837953
909738309294866433
909738309290647552
909738309282234373
909738309269651456
909738309265514496
909738309261209600
909738309252915200
909738309252820999
909738309252820992
909738309244432385
909738309231951872
909738309227757568
909738309227655170
909738309227646976
909738309215182848
909738309210931200
909738309206687744
909738309185822720
909738309185708032
909738309177323520
909738309173207040
909738309173129216
909738309156446208
909738309093531648
909738308816850944
909738308464513024
909738308065927169
909738307872989184
909738307185123329
909738307030077440
909738306275020800
909738306270883840
909738306161840129
909738304400166912
909738303603212289
909738303598899203
909738302370123776
909738302269509633
909738298947571712
909738298825900034
909738298746142722
909738295990587392
909738295042691073
909738295038402560
909738291326361601
909738290244472832
909738288323354624
909738288029847552
909738287069360129
909738284695384064
909738284326244352
909738284158472193
909738282543669248
909738282279370752
909738281620967424
909738280115216384
909738279498665985
909738279465111557
909738279238619137
909738277015638016
909738273748262912
909738273467191296
909738272880054273
909738272179605506
909738270216437760
909738269109362689
909738268673093632
909738267884392448
909753842329202688
909753841956130819
909753840664285184
909753839590432769
909753838822858757
909753838277558277
909753835664449536
909753833936637952
909753832942514177
909753826638430208
909753826181226501
909753825031995392
909753824067366913
909753820858662912
909753819008872448
909753817104736256
909753814722465793
909753814147792897
909753813522927616
909753813099200513
909753808783159296
909753808359698432
909753806098804737
909753805444485120
909753805423616001
909753803771068417
909753803393699840
909753802961620992
909753802470952960
909753801372000256
909753800511983616
909753799429861377
909753797299310592
909753793629257729
909753793096454144
909753792912134149
909753792715001856
909753791821549568
909753790386937859
909753788105416706
909753787119632384
909753786478088192
909753785429270528
909753785341431808
909753784850563072
909753783994814464
909753783147667456
909753781289709568
909753777816666113
909753776881446912
909753776206213122
909753775505764352
909753775128285184
909753775048585216
909753774847164417
909753773580468225
909753771432935430
909753770342354945
909753770212458496
909753770187386882
909753769990033408
909753767075205121
909753766802583560
909753766408282112
909753766081122304
909753764466245632
909753763040243713
909753762281021440
909753761739837441
909753760561410055
909753759592525824
909753758250303491
909753756975341568
909753756572565504
909753756111253505
909753754945228801
909753751434559489
909753750574813184
909753750184710145
909753748343242753
909753748129329152
909753747559067648
909753747177443328
909753746443440128
909753744950259713
909753744866263045
909753742689435648
909753740365885440
909753740093206528
909753739690627072
909753737102581762
909753735697637376
909753735286575105
909753734443319296
909753733973549056
909753733038444544
909753732853837824
909753730614091778
909753730492284928
909753727736778752
909760855373381632
909760852936585217
909760852068323329
909760849476149250
909760848817770496
909760846955405313
909760845860737024
909760845403566082
909760844891746304
909760844157812736
909760842232602626
909760841389449217
909760841368481793
909760840643080192
909760839367954432
909760834682982401
909760834506764288
909760834011750401
909760831969124352
909760831969099777
909760830882717696
909760830664736769
909760828613713921
909760827925786624
909760826533224448
909760823211388929
909760822850748417
909760821655330816
909760820795576321
909760820678217729
909760819688226817
909760819503747072
909760819361173504
909760818983702535
909760818123767808
909760818052395008
909760816932466688
909760814113972224
909760811836465152
909760810955739136
909760805595467777
909760804580405249
909760798934929409
909760798456635392
909760797051457538
909760796837711872
909760795109494784
909760794883231744
909760794853806080
909760794631446529
909760791393521664
909760790802108416
909760790491811840
909760789367619585
909760788591775744
909760788339888128
909760787857723393
909760786943246341
909760786939162624
909760786297372672
909760785412272128
909760784036745216
909760783227117568
909760783063617537
909760782161739776
909760781368967169
909760781096443905
909760779544489984
909760778198306816
909760777405464576
909760777061490688
909760776964943872
909760772716318720
909760771063652353
909760769503481856
909760769432084480
909760769000062976
909760768261926913
909760766768594945
909760766613520384
909760766399705089
909760766001205248
909760765518692354
909760763895595008
909760762213748737
909760761962020865
909760760275812357
909760758296252416
909760757822312448
909760755720970240
909760754924081153
909760752877281280
909760750599667713
909760749488222208
909760742878007298
909760742836056064
909760742366367744
909760741368107009
909760740931899392
909760738838958080
909788123336454145
909788107624648710
909788089186443265
909788030994706437
909787990125432832
909787946202615809
909787936111067136
909787843844726784
909787770654162944
909787716174401536
909787533260795904
909787477661110272
909787436443631616
909787369007718400
909787126102937601
909787081857171456
909786947354337283
909786946611924993
909786940970430465
909786916958167043
909786913330139136
909786859630469121
909786836582707202
909786772787384320
909786676029001728
909786651957825538
909786623189151744
909786589550616577
909786580302385153
909786561268600833
909786556055019520
909786552540307457
909786422726492165
909786229503332359
909786085496156160
909786082849492993
909785902255353857
909785810211414016
909785799910141953
909785754498424832
909785632158908417
909785475682054145
909785400276914177
909785341409755138
909785338171752449
909785280089075712
909785277316681749
909785175399321600
909784958520176641
909784866698428416
909784856367976448
909784809202995209
909784756761563136
909784756358959104
909784728382971906
909784674255417344
909784656115060736
909784653254578176
909784597994594304
909784440871833600
909784432193785858
909784418918785024
909784401877307397
909784355593244672
909784325343907841
909784229394960387
909784208641548289
909784060830081025
909784044447125504
909784031964823552
909783994841124864
909783794210758656
909783690519203842
909783689915195393
909783592783532032
909783560567050240
909783470238560257
909783075411890176
909783041479991296
909782985859325952
909782837661978624
909782815323168769
909782643356704768
909782551253962752
909782449093316608
909782380621303809
909782351378550784
909782319757709315
909782292125683712
909782231878692867
909782135313256448
909782048214327296
909782034083663872
909782022029275137
909781964496031747
909781895428427777
909781893452910593
909781801807286273
909781778449154048
909781764356411393
909803213406326785
909803211430809600
909803180107714560
909803123589484545
909803121190293506
909803091695894529
909803070254649345
909803062293868549
909803015414140928
909803015162531841
909803014621401088
909803006530637825
909803004559331335
909803001648381953
909802984296480768
909802981884698624
909802968689594370
909802920484450305
909802881435553797
909802869561462789
909802760501170176
909802744671866880
909802723159281665
909802654422925312
909802634013495296
909802612668723201
909802582947893248
909802555684921344
909802515411214337
909802486940291073
909802438038781952
909802345210552321
909802326986297346
909802286620319745
909802276205813760
909802244555575296
909802226411073536
909802220950040576
909802162338910208
909802113445834752
909802091866189824
909802079505518592
909801996085014528
909801972840194048
909801946592239616
909801922521174017
909801918708551680
909801888849317888
909801887687430145
909801812915572741
909801805290319872
909801788957691904
909801766266556416
909801755893886976
909801753197072385
909801747652194304
909801745659891712
909801739485884417
909801737598455808
909801729914540032
909801725992849409
909801720045334528
909801717671358466
909801716098506755
909801704694145024
909819315821727745
909819314928222209
909819313992978440
909819313950986245
909819313422467072
909819312935981056
909819310989815809
909819309697925120
909819307307229184
909819301355454464
909819299824635908
909819299635892224
909819298771869697
909819297316458496
909819296481779712
909819293331857408
909819292660715521
909819291423379456
909819291100381184
909819290777505792
909819290567704581
909819290303520768
909819290039267333
909819289972219904
909819289158299649
909819289120788480
909819288072069120
909819286914502656
909819285484314624
909819285429800960
909819284964171777
909819284276334592
909819284238557186
909819283609391104
909819281587806209
909819280983756800
909819279389937664
909819278722920448
909819277179588608
909819276823072768
909819276726607877
909819275019296768
909819274671411200
909819273874468864
909819273253552129
909819272888815617
909819271194300417
909819271160717313
909819270003032064
909819269722005504
909819268258246657
909819267905974272
909819267557871617
909819266194649090
909819265427140609
909819262222692352
909819260674899970
909819260469432321
909819260007878656
909819258087100417
909819257319493632
909819254517714947
909819254312116224
909819254115000320
909819253573816320
909819252059844613
909819250289840128
909819250130472961
909819249077649408
909819248867987456
909819248616382464
909819246930051072
909819246711939072
909819245462261760
909819245097340928
909819244766007296
909819244627611651
909819241183854592
909819241024516096
909819240001220609
909819239724285952
909819238797504512
909819238319296513
909819237933469696
909819237677637633
909819237530611712
909819237052624896
909819234867281920
909819234129080320
909819233231622145
909819233034481664
909819232875110401
909819232531206152
909819232086609927
909819231256043525
909819229926563840
909819228492005376
909819227841769472
909819227749666816
909819227300941826
