901293564881117184
1907303942
701961895243284481
2484768624
179788237
1172791447
2995601392
771820016668856322
1022742602
720048216310472704
881324736172756992
2386206703
1012292886
2280000073
772261795889352704
869769247597232128
3296509948
3291030858
854947472
845233229460357121
3650930536
745615972254490624
824444362130087942
4056119367
841315379335041025
2529090201
2463438680
474406312
3227408573
4151297325
394913469
537536556
2917492558
41562632
855854297325744130
2942872961
907637887293947906
271669550
97299460
1586329074
2231806063
829694668313083905
4023871000
386267230
701392424
828445623552790528
925232784
818604608364933121
2940055041
2606578440
3116866599
1290550819
96790991
211104846
882687308922843137
2506023349
482226279
338341448
249682816
1262584405
265425609
305608279
3176862125
1035823776
2242460572
2437146980
898102587874045954
1031879256
834914901076422656
825953924
886664192169848832
213313460
4715609497
1663974344
1957678747
2843761794
2218806157
1962437856
302139156
1352723869
625651403
1454271482
853982765565571073
402946805
627371278
2272887854
881296729232093188
476065721
1649152177
2319821333
2887595551
789064929722654721
845681717822312450
441861660
450093435
1705443631
222740170
2405039214
2359761503
817207794
752327372549025793
842076512388034561
748305348033941504
2609580382
870331705747492865
749719777510326273
777504085931098112
883030262354935808
2870889850
527464724
841471213989945345
3385889057
899660674908815362
786600264065101824
830382194363363329
515687947
1151956333
3539142435
580221992
3347460827
853363034902974465
1657920626
2251636176
400277214
768949610199089153
315403711
1705149379
2220296726
735106559588569088
830176508664750081
2310417315
4764569834
834276676498575360
383339996
175165277
157131965
1861782001
2321488314
738669367114731520
240437943
88714239
476130150
907651690198859783
155044592
759901331385622528
389920763
820596711739576320
1876443739
867081685078339584
3835750545
1667595217
2511518557
1173995472
722122760432910337
794902903
839595460121636864
785734186762051585
771838364584648704
1658656070
788938745391124480
756508073204846592
703962861547229185
4030275148
1498677091
2341426370
2222314424
2754628824
125941013
808889090091401216
164077037
372286735
3378834159
769132066948644864
2333737224
3163963174
3214631806
139521895
2407266884
4221211276
875834110962536448
764568582189682688
190252303
2353344204
2915899110
2973914338
352818677
831590354709266432
796017936897114112
3110309872
2857267623
812458456548577280
216726776
800288372
752827043386101762
447156606
706002558
2429574326
455188384
762775615397302272
897751260
389583141
150366739
852227229853655040
227497530
3357668859
2318666427
714908859
2336980477
2507607450
1708813466
226026701
455910303
4819342557
2951986907
757421917
1170058272
700497142
3295874052
553270356
285925394
156739251
2871693899
849906745
3250867274
1326925555
587981145
714961556866465794
2707067045
478838758
1539451436
805819177432911872
238733382
905438399309414402
908743946486079489
2787607864
3471819502
3248088819
2942270182
2934133401
854991189698908160
968979732
172461862
2587287926
2571508362
1678246723
776112077832351749
112761634
777937854
16557191
2384282977
810198445931851777
258088693
908321269640257536
273638493
709511572792713217
1239326670
4118230337
3148074250
1630511514
870399536
440349621
154283683
749463582
3203269031
2195683113
3973068268
1544386754
783023204369592320
735089338162270208
539029431
777024386788237312
293757140
714813677652865024
908774774817599489
241148112
119132148
894166685242073092
907622498086391808
2277752595
89205217
134949404
3165295703
3602713937
68847612
338512547
826438022891765764
384400438
396196960
29479000
2548159716
1104350947
2902087121
177273182
275217101
752556183035211776
214444275
125702339
2609457308
964786765
851143088642904064
1965271328
2495383641
1004898716
783261531853230081
183220238
3890689233
2520433777
242417713
1262269327
752437865800400896
189993186
69815639
278775402
2339226284
175411260
869331201160609792
738101635008847872
2340906475
859523018
882544283273875456
543491784
3816635919
765721614793211904
845275472573419520
3108295066
1707272149
952103431
3195644493
95327125
1405845084
418077686
1482891858
1921332266
894043108077391872
2394564655
809812440393416704
768896219653505024
1029832615
3337420929
629204218
225487004
382232861
722989135
1072135380
2933641755
772944053818183680
3450657733
371330174
2729278665
1260249836
2945043494
435318868
3225669000
830843825786544132
298599131
149135937
3900465383
723449499071422464
880709641243590656
890022218
629646297
329136835
358170380
816424141331038208
4750571114
3316061542
765593009568317440
2561593400
2970519677
2815724642
826988539
854465785602953218
2614615609
482594786
2858423588
3279952732
465765379
3350464733
2742365811
3604022115
821068979397685248
451077585
2333131588
2824747403
964823522
1881302779
145465169
4794140818
715700038219988992
2498371569
282253477
4805377157
3350405781
252586129
264741403
245837735
817836976330129409
201082970
1975168933
240563787
789216340963954688
733787479363493888
3053920965
2737243972
370837644
2375740767
899752518791639040
783009460822368256
536887779
3295389629
233991156
708978702005235712
3739222513
903736328923308034
962587765
887754693585317889
801556160067280896
3288633069
3760413975
4753530753
408394577
249364388
3098388957
764143878614163456
446503587
838832370711150593
725766740244832256
878431495483994112
338238944
1385782290
33927228
17549677
289357704
2215028088
2182560179
1145847170
276157940
418089402
2816369555
1480405428
245053405
969062707
351547351
620268063
2340860827
506847829
3402103821
552822563
719337517305040896
612421966
1526195592
347372242
894434277873651712
269966277
2614324153
492498908
3733290856
1417119462
779179493596532736
1873692708
861944958
4566482717
2367338348
1639001443
473514575
1226070637
510445955
2821202723
892179908700581888
899857280040087553
469476289
852221698518786050
2830062172
546054565
2951744782
902010523
1612643041
852244681719263232
2412925585
803871192
883015730769297408
389467427
158114250
3246608051
106458923
1467589494
3431285776
852238023404244994
521784258
779385707123052544
152041589
458541300
190346786
986885412
2669635350
908639680622624768
3029939948
879652276591370241
906475706976272384
380789117
3226112176
2236690412
877694245863346178
734761560321724417
2997590920
877676055393423360
571055482
17007560
217777083
852166714238398464
111640101
169611941
193067484
2172672233
874142260589453317
852207275930525697
258309478
3129895986
2965095165
609462733
201527441
852232521962201088
878596333409636353
700684522136825856
408795309
810823579348729856
822500684977369088
4600688717
3111529980
766942594928697344
387345939
874524228032311296
527489407
15880163
2497377785
1583953873
853656147605291009
3328050438
813749451676225536
225140758
3635140215
894577117735813120
769356077758607360
728141242110861312
791018551947698181
2300100043
201193050
915934082
1109918016
3128046682
53766410
789265846904365056
740669813601755138
735334202
886242112857137152
740806084135387136
4827697694
230082063
764255881219416064
2301812381
715358358920957952
908980477482106881
402980410
899564929996521472
4874560264
718665398715944960
867722488524009472
729303604046135300
2398297626
746549386574860290
857168265940017152
795584706632744961
178422457
1675542732
1496085691
901467415636267008
408491478
328326155
197199786
19230601
452027293
1110906158
4473333313
2902983178
702959177396830208
3280210266
2544591182
1598968657
2602106864
793799330780110848
2429305942
707172125795360770
123600583
903460837846728706
550163049
791004556981334016
775374885262614528
713366617556516864
1045295604
884019768784703488
1685220324
908982264377339905
888743747009208321
825575304387125248
2292031210
707665529906003969
846285495868936193
125086348
2407389964
4912870574
1498553977
785742174415572992
3001875802
714650349680787456
867813176934625281
902522984027521024
811906058188791808
925441693
908981814139617280
120140739
831549296575205376
3135896996
895382071438213120
1345471728
2942587130
593359295
1105048406
731008699301515264
724646278425133057
910241887
555234645
466837062
54585433
713163045128839168
154250098
2725465669
4806548973
890501603387731968
2407717695
559500871
2375451060
813712668120911872
4585712840
745921720830332929
348056057
2377653193
2564422104
131740265
2387923584
496307395
748218022167482368
861348607177502720
890342360789471233
278283803
855201309036650496
193244004
1427226685
46172768
4925448071
845827705346015232
890900136678744065
51684828
908982635342581761
3230907077
876407520717361153
3005211236
20646036
716230880063328256
819895951028617217
113219268
2996647051
4107706523
736513179698798592
901255996781219840
713671151902285826
993274104
898856827076710400
310321197
1654381699
1028218802
904144907467706368
4235151194
2388970087
2956890155
636360437
824604023500181504
804024972360478720
744557570560495616
462450652
20718696
1692855836
254146928
2287820964
2805282181
2280657626
847910293422452737
908982009636245504
907630692158382081
4802231015
3071451872
3807159855
872148735140257793
1682428033
886303077585891328
762313516602822656
3380874003
843858335363416064
818680072047644672
813597089154428928
891929804332826624
463627108
788429787681333248
57852064
863534429611765761
738424856505634816
793057542079389697
855821650763407360
2433674228
749287565941932032
3333163163
3711609382
1094809519
901107720018739200
4765331893
852582807335579648
893772232924827650
2987885194
3569842583
474065276
2716216321
836266942180769792
907417038058074112
4149677905
2789928766
412310002
793829395471314944
794117087908139008
898485170033967104
734969604657799168
909091602894901253
856227122569990144
759743112658886656
3328082512
2749461772
952325550
35397525
3084700681
791804866188419072
4236623603
718887032
857578146996113409
2358000396
767029435627429888
2731900126
2212033361
825621768417189888
66230859
25177098
844923706954698752
57016932
1918081176
980912576
866417340795297793
136651187
853566200
2276328529
895344645131120640
4251004168
1457916031
400306511
3313540898
282636131
2941000852
4827573404
908031969107365888
1974379195
1311908340
162400160
32805908
803024725211566080
738793830871367682
335141638
754117265289715712
877893431451942913
811298734717935616
714884126701142017
757323397273714688
907170655648567296
823153552856072192
795396252250861568
2888004943
909090317743411202
2657231905
834458113738756104
899515701668347904
772034113
2664228728
768392809762131968
46069026
880378112617451520
851810194145366020
1666715172
2863398420
2159251970
777434623487901696
753046640324411392
2967715112
834876711028273156
899518643314204673
834337224162414593
899171106866642944
2943157783
235022601
438700992
42423741
821711634485903360
613075860
2918078500
4889217301
909091068934807552
716475878893441025
126869562
2345863420
835956896
834733670288207872
899504525496561664
827736022226239488
3589385535
793124121194356736
834788418441850881
802242268128223232
2926439532
831930320949743616
4839606215
780836983715221504
1714974451
531818432
888477107919224833
735055096569049088
4601877257
875361547350138882
385384341
844124731968278533
1557877998
4632804752
830725160886030336
904951212084260864
601997239
839366988426203136
902998633242476544
901551732865552385
828667142992166912
101477465
1606803882
14801014
854240027060121600
294595278
19763785
866680773960663041
3082910990
386528683
793436339815448577
883405958981885952
2292205259
4288619848
774695468131553285
906956775634735109
477723104
24507732
3077463875
786644481164599296
846032179679375360
215923963
2546385691
3304790417
1217024989
3995616089
2420931980
2894698595
863869630200385536
3667542978
636165886
3301928114
26599573
761666512709152768
781542664277790720
2864221625
714251997554184192
4821914327
801221066731520000
2798240388
2933861456
111439847
2208283375
2485383240
96063801
209514049
1576391089
1096344420
892463404664975361
797489375932284929
896308850176909312
615489093
876116436820905984
500670435
794697741033213953
813723023266168832
900657751059296257
707486368918872065
698058117108658177
899600329473503233
1949697847
737268016925265920
872623873375707136
1112402064
848310188
36543096
55234609
425874266
100508395
1004148290
116710473
248839917
878161966627532800
2424079370
882810002913677312
879082538043572224
864508748064317441
734359158301003776
1555008589
838528718423347205
874696893481209856
887700291860045825
834153655385329665
3161499676
4875886516
2478719282
3101729644
1713643704
883548196181602304
827882558213935104
1207716422
3291620376
909111579878281216
864310168519155717
792872790
812795773
851661253944766465
907575042338377728
122286711
707840149
728650571373289472
829017474247032832
866797144795095043
882225496196558849
9103142
1652546616
3185044251
2842136999
1498574437
1186966676
2463485718
178822594
378361403
741522818203058176
3891678075
268316511
747459607224848384
572769230
908086399164968960
2744541100
1149282956
22139874
3022082877
844197164075143173
841930323046895616
850410864045850624
3371027045
803738028120350721
1642004899
748889440412700674
2327572452
876222430762721280
904145511313178624
757289339298648064
695250951234588672
901074674603487233
2161870503
902203158763589632
124491407
729011768132046848
2224358275
2652696187
770936898172751872
20702277
799204250106609666
193333713
738754310318784512
801501827137150976
3026764307
899684741783408641
812978123511738368
1386659959
764104883775479809
805923957908140033
631559873
855241503945486337
4092523949
1044047863
889216018547081216
867470205903134720
851326289361371136
794320498612195330
841564646
843506085755609088
2555811800
3051563503
906149917479104513
861130969075548160
820006054092226562
3828779997
2272863658
797674754975141888
904004435428376576
4063964115
870382674736820224
797879793182212097
814882011538132992
2777183806
2481941658
774088896
1495608980
903611971550846976
731220809361072128
1053889086
2943178545
38325787
3420748383
45415526
702971723147251712
4707254009
796626998974095360
3437709777
369492487
374793824
424256116
888484520550387713
909130786892390400
791602766
3077444841
4091231433
904754518797189124
888843639992057856
317997653
804054727612887040
556159571
66515223
868768771774836737
905551276456411136
909147639542878208
271130230
34286487
168681472
14364779
818886904632528896
138527654
3229305373
633898386
2428742190
4327632569
63438639
215690987
197595328
2232073207
3403548179
2997699897
3364852426
788448025249255425
702827832154726400
860406801732259840
2476006754
894405028659814400
806260075258138628
825497856261894147
3013197969
885211695127425024
729700750796824576
795412272
766790917072101377
709858271939727361
774306422783938560
131079567
2583154904
3298410283
715238286231470080
717161666580852736
405674247
2172769734
1959682340
76677728
385646981
2903864697
221986563
2253119886
764299503109222400
471558182
876565117453950976
2451611514
3419291631
890686903506173952
333567359
3432688612
337037772
4226142771
822727085995261952
2781052820
2838358289
355856636
702125877
893894218091028480
531401378
909147004764377089
4582948336
833822389121273858
850629701324464128
1870980115
899324034525143041
713537788356898816
421830010
844582494255157248
859913409323823104
2445394227
1104080407
4866356326
1373932604
904541623895326720
2252659458
2856769233
453135063
19976407
776781026760728576
904235543504048128
616001926
2476536863
3287139637
2181448700
739508985330442242
3032011811
787934313681674241
770217272061333506
779387897401212928
3710582787
257231700
418483496
438443198
3292870068
809713366092644352
716531369925586944
760527116555386880
3384739407
28228172
715198343001952259
90514832
715451170777645057
4838625587
807355322667069440
4636048381
2384307109
738774399793369088
333899927
2200660832
870725054979559430
715055206
809063879020019712
30770090
820007386421329920
736665700371046400
68396833
3186718789
2366461675
1573794170
876787531517497344
819927503309512705
3221768103
536739095
3321945053
2980465325
98980901
874088037654900736
3947806349
3153572507
2709234690
569468192
4835361423
901442581942423553
786522268616712192
726781902028455936
790543496356724736
3298398038
705293195064778752
3438261849
100766356
269685330
1030553820
786626577182273536
711280577236897792
322701030
738085225457143808
709406965194223616
873637198196822016
469489270
791646164806463488
725069317172264962
2211400221
882427932727181312
2289025640
3191277113
898897844354109442
894678701690019841
864525927438536707
1058141328
773739480209616896
4920206165
3296660899
899252510145351680
868169795098877952
2914061974
759723796404240384
195073288
1417126988
3348826288
807631918246326272
901939154262642689
2158802935
703834062297825280
1434345152
897061324034854912
68712302
728916455677415425
3195860352
2387342784
1573931088
905696634692096001
2224143148
855919759581380608
3545302515
821451433342017536
1588959470
2203746379
4395667274
878955801465020416
2934974740
2419438381
887279228823195648
2261991974
875565847921557504
857800597084356608
832976663273152512
904340445555081216
86915367
1917734221
837174479537246208
1062468822
946770918
1486508496
739474215280234496
2920572759
895482123976450048
4313606003
3692675775
979731134
909252730035642368
757259229547917312
4044554298
3065808191
3012889453
146013786
719032404
2208821341
15662970
735335973345755136
479082170
2812554599
807876392469659648
753768787007180800
756751568553308160
902001025996828672
813724566065332225
848376295906041858
727086780227407872
903166693614202880
555834815
92323728
849954030142935040
909239551570276355
738712291386986497
766133136782753792
2545106810
765560215622213632
2387974759
830679167867826177
1359467420
904417532312002560
875945617578766336
883559551164833792
3300276864
2492617656
736422824127004672
713329703319265281
2371135399
66795721
1004926177
2324141616
896869646468567044
872136352296443906
942203196
2461793234
1626647827
19936982
740782388628852736
2719516496
878892567965958144
2807215759
2821834824
371957364
788000564
987347443
3340334002
781269332550647808
2865210433
2365049654
731896299356889088
872933116578484224
876120032928989184
811534849974542337
4266247038
761854466156965890
321763987
1206216140
907769371866492928
761698603928870912
61230470
740202293379862529
830841826324180999
201803989
786276680595746816
581463370
906536309912518656
17461978
26586232
633730261
871652967593549825
853074047944450048
859092470214348800
806543271958814720
723593856080601088
740447685946298374
78381867
4805148315
3285097296
907117057111498753
226229269
740005326997590016
3915790032
503121983
775997151449001984
843868936743636992
880585820477857792
871102248402784257
783561937644838912
723494655296417792
2613982245
19868462
4336642879
855160091997339650
843801835563442176
2584094383
833773340129099776
738501238191427584
4365472829
379971072
787904723743416321
870343072688869376
2986340506
770633838636572673
349762499
15102725
3278197034
96938978
887679019637809152
882850444074209281
707318383772102657
47186417
765288976861114368
806314754838933504
769703152178176000
816286993
2757694911
890680541674176513
886623626681876480
847354602424905729
1173743976
15676578
116466416
2760318981
2402157660
1366705976
4893163804
2498244159
3313544489
837485359718072322
4049556927
716825930816065536
723405281648992256
3305831375
234268910
833857208269942785
41707730
1014724982
823856476217229313
750734672037081088
891713981420666881
2888137286
804856351050432512
3268680985
816629101356142592
1445254140
44865374
310665301
462046861
768353655221325824
3381377163
562001571
285611761
786474442092195840
2351468077
890623917869498368
2868696338
3395329576
160867890
174199827
864236088025427968
3434617228
2672935075
906167830822871040
734389397391544320
4184413457
858505666314502144
781108572033785856
834475719396847616
148655749
728476561129676801
2960375841
879721863747850240
858219315430019073
895609105275994112
3507031295
3171996540
739614247412334593
66746868
55201917
742429722571902976
1654986493
2509976728
2208811284
909143358874021888
906191373296128001
2723191312
787623073478475776
4881946580
4109744721
4735400836
807898158873346048
781415617224069120
2858172235
2589054048
867466173302153216
2568757956
750321343070081026
754157932082847749
1152370284
2729771003
732947062556348416
4395045796
833765424957358085
904671636250603520
3421590495
868048508410097664
531213918
742389198104203264
2888708164
892841935601360896
851844039406010368
852574913038831616
764114624258174976
2973214301
2679743792
3333992364
738759937636093952
81507854
435594976
857259513996492800
133801791
825121439997104128
4761514051
1834707746
253336748
198077160
701731981445431296
855941251287273474
2531352728
588847661
4896380958
735238237703315456
179436686
2870724113
752050375230881792
749727262556102656
2915972517
291788702
39881873
816953955636781056
203338864
3306591158
66222307
249499227
563856645
129132485
793099980147859456
731807627391291393
889732651891830785
2952023896
2618455761
850527476644061184
888428942981566465
855099637950230528
731806140095401985
2961801593
740815071098601472
859527975615815680
3310765397
761862878127423488
851677626821423104
898263173580697601
712009977930469376
904513115139780609
728818219012657153
2713120626
803624969926123520
811831513356582912
4660367672
908768796676116487
3543761357
3410655370
2777983082
882694147198648321
3366986499
902069470067253248
834138841078493184
847523197184626690
1925089549
3401814765
904845219304284160
2896444709
4883527811
1378000488
1356360193
802564308144103424
101830964
2468496115
816260294611763200
3236948827
857220280262942720
796371402907652097
439316598
2840551145
831184088937721856
986730835
836743137909432321
850391044415946752
2976462549
883274772381147138
1924836920
4656076167
816735897383305216
872678241471004673
747780670504706049
890694402980622336
2169961261
514546629
3308789380
538291970
3313520047
799010709946462208
900806387646832640
701155052824694784
885711614476820481
894633660955099136
3434313405
788495217859104768
758063566788239360
746387579688390656
1476099824
215187970
907099694
3193767752
2451577540
1475340008
706978596028452864
3336623572
780126432966152193
1866539383
1513002752
19976791
26045394
18553965
31524543
2727357872
4475142979
2891606311
2713060015
906892526505926663
909484775911690240
1155881478
889988799572267008
901156490949644288
859600943721172999
2790833277
879420765673857024
785178910598258688
836894884518846467
909481683174424576
458766447
2826993323
2546141375
2766909845
866156073975259136
717769314120704002
4870646434
760185787681943552
174458343
850513174663180288
898593127614861312
901419586503008256
2996564892
804280050514153472
376616417
554634125
788099122716938240
885892967877271552
23062239
632963482
380359400
795259830172844033
3053972027
594939448
732372654
1160689278
909484749906939904
828686042131755008
1616071387
3256847088
849509707844857856
54041421
2747177126
838316522569248771
869073546491842560
130850547
869520008241664001
17310934
820701212777582593
492540255
21976501
891737360379113472
414751869
4528465395
902106829173514240
888487003649593344
326225556
899973378768986113
889580947309559809
389898091
792913091302264832
3238268346
219814579
4230769714
2872355776
225125248
820021713685643266
2544850862
830834381644251137
2582796249
2961404189
62755632
856085101268144128
770635812971118592
885904275234320384
3949092981
901895441364774913
1114681478
589265053
2780941230
768138713692049408
726139681352593409
886625526487633922
855740842790854656
3347778317
829426380010057730
704029696
1100316817
4671245623
3410279513
3424236929
2211765788
765229797593284608
871015893844713476
806031962368421889
3423484263
1243916364
2923562674
2866921145
844115463932133376
880879075849641985
4834365419
2536562912
1244232312
3297785933
702975412306108417
889775146122215424
876725189194780672
1407600805
887417448302919680
886695174243528704
896107567293886468
4033242253
431838159
762982185313964033
3130245983
898160691319853056
795789570373611520
846147302582616066
850470265943457792
909400043848916992
2911374973
1843181438
2718344564
1975357334
701840015282872321
872847148353761281
3295799423
2954028280
854123004
416357363
3002326695
864504150373134336
904052791483695104
756588680937168896
1219514130
906965267217035264
3903884546
899346063689207808
601770467
4209982059
2759491843
527605752
520180226
715644716042358784
3302847328
944812189
198347274
259395895
972017172
823105058
3414708627
4861951113
528499032
478912230
845422008922001409
899238322521985024
3486595761
184530310
856600520
3220645590
140241564
797458678886596608
709331221441069056
109551828
741787998300327936
3422267727
2665392241
2709798408
2683043944
94187089
909501929033797632
843347008156979200
769644678140555264
1671753589
2315467945
98463168
354947154
867233300
858403967377833984
908835197826641920
927892722
2247841686
748652386487570432
619984846
877249663392301060
883388318553165824
844352415566585857
10228272
876828110813106177
847427796557103105
731525080954572801
855517651350597632
745178215
351038573
2725867693
874085332437929984
902012488350347264
830291647359508481
2761471405
2468045966
484749780
4663265657
862220829093920768
893978737842192385
4760539517
720704394954674176
823194826418094081
892413228667588614
807270475021905920
865008474987442177
761635131752718336
935150521
3092911008
2284060897
807769954019897346
3408069411
860640548436291584
381700696
18040486
179208849
883383999133036546
891141676261134336
1699442809
770284447237365761
853574829441638401
888790032986677248
1469811883
781461307153321984
788040184755523584
904350316006662145
862326999712452609
774984667854405636
455996435
1614563814
2644393955
348610523
736252052691668992
3014608482
909515155670573056
96877126
83565817
612022861
1283273112
773899566500442113
1221878168
2497531712
1595616066
747447994186891265
803097913345740800
745287313589178368
2414286716
774354017254248448
1129882992
3224642626
8392262
94141566
45055696
810645728905207808
2923839344
346557041
3424801769
95730044
861211175303995393
4210122754
245446216
115265415
2468506634
89540633
382306837
4873761513
715312507527692288
875773861723287552
771000080476299264
890489857817980928
2366382954
134781588
4048793837
709939926893142016
3255893441
2269167008
2953235874
27479290
7542702
3340332579
861187258753441793
3208234007
2213241860
2392390045
899181383914070016
4104231447
891771134982664192
19939647
709168120523395073
3023137332
725817960376459264
3426686199
3219734864
3615611362
2941214692
3016475631
164037549
870695598512459777
264116049
865194367379791872
3027190154
2178144021
2458880504
3047446290
729682284153057280
830456182515048448
899013665285865472
882810467751743488
850515644722421760
2730503256
1610461783
420536223
823689730369929216
305658219
3420923013
772448552
255817298
898789187805208576
2379394222
2174934122
605687883
139785636
885471288441155584
263710717
2455535197
880105190866792449
208117200
1560542790
267430634
854835079243288576
2341340042
111170723
801904781816111106
565495139
2166910865
2712568348
962840767
827679676579586048
3092106562
4926990647
818071131446005762
3089252318
904105108526555136
903712307125125122
2876002835
2561793795
396639312
3291805024
2821202689
3000698489
356376110
1035499081
3710812221
1037968068
866756717136289793
119621742
1063901239
908760872163700737
773656765888094208
3298530539
864807659421274113
783792861330411520
446912347
1577878670
132135028
3253174180
713779622282981376
3062362189
907793179
901260700668002304
714224477953986561
798449798
890676483215241217
2951128000
895378117363105792
890971059977146368
823976188129452036
844275976792084480
3874418242
3501863235
2192618894
801156456556982272
883788441863041032
803394984892399616
2997399052
433309662
487929021
901939256683266050
815046974
846403483754483712
509220703
2868089092
178842790
2449731336
3438606136
714414122
909524062594043906
3288961074
1937458250
238760264
2868405526
151473224
172186118
145446342
573386979
126052105
3078941986
2746710991
1096082047
745419869781299201
726507177079373828
430122509
161320280
618335278
377790829
306450574
480675416
495056539
2413037228
861402360
859136220848418816
914223552
1749064777
1317420229
302298413
970245680
783293563182407680
767337722684010496
828652077928820737
781584767636692993
1352102401
3417060011
2818864947
2752054887
192041175
903005254043787266
2626613109
306459474
2850024543
399682201
113498363
2301637284
907168455136350208
275430095
877531064973099008
179110542
253961810
2999612121
159445307
4332977783
806832798
434122693
342320615
2382102387
105082739
357545309
874810121511108608
87509105
3730909348
2972329859
869424881049497601
829441899987554304
532266532
846985602
593746942
1127166804
761890500026650624
120204932
4168106061
905209013540937728
3082742383
1377690685
261491629
152579052
739640296632291329
885377948085362688
129599987
563671347
3244046295
3222568925
166379003
635469069
703763330792611840
2719482425
3574969634
2484097980
810919785030619137
2560303124
1680258836
2561889739
873771400711909376
260379779
287806833
2376715547
202813865
4543614876
2873861103
715683257891876866
311073704
1959714775
2435877539
272730946
1941938918
2266049277
3382063553
105851192
822196237810143232
883483917063467010
2793134233
806974035317952516
2789939116
822343851109216257
1588438728
724913355664834560
867804187521937408
3083033135
2386301706
2215034965
268753451
1523350754
489180331
528699202
898312656439955456
776538986009464833
3154076661
2376531030
57162206
23166803
387426968
3391618899
3509608098
545558899
897977353338580992
2869372467
901151799092011008
770580666987716608
847792443974135809
865783250442231808
480306411
98330806
723251650174017536
360865803
3899607923
1648670556
4279790004
746454940160188416
894380497874432001
768662919261270016
768528146362576896
767828257077129221
768677769643372544
768353125107314688
767829088090423296
767833161850126336
767817832256208897
767832950264168448
767834106352791556
767860862627512320
767832701126729728
767831280620822528
768345415569772544
768602142278033409
768616180772900864
767917931346989056
767901075462557696
767889532633149440
767873286046900224
767862848118747136
767690897735741441
767833308235522048
768581516997890048
767732086757351424
767832768478900229
768680242772905984
768469319126745088
767833392843001856
767831820259983360
768566405935411201
767830288193974272
767680677890428928
767833210638180353
767825078272815104
767939551746719745
767831597097873409
767842059470434305
768633574853529600
268858190
768341425071140864
767828302736330752
767827903090491392
767834867254095872
767723100544835584
768199573147910144
767953781925502976
767833781415936002
768225282813755396
767832339309273093
767955418073165824
767835799048032258
767722232202264577
1975981194
767830992191164416
767731084654149632
767705847501905920
768189578792558592
767830798401728512
767724032867332096
767830879016214528
767831314405920772
767742662816460800
767750729394163712
768542047989030912
767833996873101312
767908580838281216
767896630142111744
1518768684
908685106658922498
35773873
855510000210411521
804459155499220993
2595092702
2331188958
820450590803144705
1237514952
102683233
884377473009426432
876556441523376128
865524469611110403
569171339
72342393
284020927
427098675
1379007158
3399423424
812001327748419584
907200871003332608
2918111718
3245134210
2493687475
3434853437
886517393500938241
731013312788475904
459172180
739559528874835970
254576087
855048780596486145
3194201842
2445642474
342264571
22997834
210436496
1088742824
46935829
869915753826336772
1583353903
266089686
822444918173859842
865768496906485760
2776248572
728927932148637696
812670716977909760
870613983081906176
864178043190988800
2165514783
909692619780792320
128277046
746300373707722752
153464869
890680045303451649
3015573621
98353344
431336956
784705696851824640
1971106970
829964098838224897
1099209746
2588394289
865627135246974979
875308810516054016
760835065488244737
3129866158
464710497
903794667233431553
30863113
4208390175
433981593
858460116693143552
2925208568
899534814742630401
3219982739
751678617634021376
773986281399447552
739486388035407873
729977540522037248
825950297046409217
2650835887
872648650060578816
1549513399
4070595449
743894552956837888
3366617129
874246320843661312
887069452713566214
352342668
869605749730582528
2560852818
288216964
527572357
26583711
880425358570475520
721357812035661824
2763810928
218285450
109275659
1330069326
789257747158138880
597133575
2452695710
1621946154
3257697476
3134976831
3334864534
707757595142959104
3360619577
854285283721969664
2360484039
876459086388248576
862351162669842432
603439428
886478517445173248
38416446
848894203
736972722031501313
732959560135237633
3953239753
75209118
2743870940
830789921854062592
749608229538304000
731554664206979073
2406189824
809261480122064896
3418563826
325447493
2881993721
905137218079117315
2291702765
19257934
1240032620
749819763480600576
1392132943
4881291389
901910598
51911557
32132673
442979949
556895551
3040129547
1063151911
33223850
16647387
80682671
77171912
1207897986
2392717910
108270392
2362691880
891442681825697792
4869969645
843424402561781764
3404270753
881649286706061312
4736046181
846560511923662848
2767781819
2342030562
2749580326
1562660299
984868573
22422460
1130700288
800034883619979264
395530124
900545039238971392
1436388134
856868371928887299
2908702098
2926590810
875259161826574336
2209607156
2238848976
875682889987276800
902591862757720064
3509896044
734890337945145344
872046495427702787
1256212442
731770043969634304
1163672761
3266231197
54487223
26892767
2798237139
3060087762
3284568966
601001757
3003239609
2985508476
469428920
756172522014384128
19933794
523257004
740094839132422144
1693515835
2576372761
3078018642
90839242
1447130534
886357074
850715811794780160
2866975992
3287979897
69900819
201058607
428118380
774703254533918720
60532606
2493515750
740471640400793600
834124915557203968
475134770
1155379550
2322882660
4219297558
889197485788246016
889777020262952961
840573712327925761
2807264648
4205362989
1202134825
861889353869557762
134194806
735545607943786496
778597298951426048
872987119588970500
836276437850152961
825771146167582720
3247738019
800837207342850048
1442052462
26825925
859164315814899713
1127288311
826605579825143810
851086298391736321
214103433
873857347742949376
879823295935389697
597207551
866311185674547200
732591046232662017
134725086
47357851
731130287632076800
1723256401
3431306655
2960075363
2509304567
751788549867835393
199792328
19650709
3079866179
836717291270246400
65168107
890481231669981184
3870524241
748148013319618560
727914914875060224
732002969282068480
2996387970
4885777906
3044597429
853735657
891950202504060928
2329636210
1218551917
3041215949
716787925564788736
1945267148
3944877857
876439381849948161
3059885004
1883362465
960244735
3434093051
858768971704807424
354940414
2797205493
768152670842523648
908006229582209026
24206066
976973815
730765095928770560
1627300542
2581234464
903033743044222977
737677048840388610
792780284253048832
906987780852547586
884683528113442816
52840893
326735935
884559794165522432
2160895374
903320381347557377
778088247712968704
898826795524509700
781166278052642817
4611665555
105085478
1329374198
734916606933995522
833710419864932354
741911051906613248
889895097109803008
1060722260
790948172524818434
3415570721
713830296269885440
905874125129994241
511376007
840841521624670208
835061471524564992
70337519
772884079935041536
887287398702268416
887311530512924674
890975107698499586
887302423886221312
868408527190200320
887290948077502464
890955883584167937
887294369916567553
872366351561699328
887583010597421056
887281742679162880
890971608092782592
887283909104287745
887289369060560896
870643692142551041
887307865957974016
890959753794297859
890966144705740800
887292859858079744
872284954323038209
887310397455216641
887580351781982210
887285447654756352
887295846655512576
887273766903881728
887589944104951808
867344162412253184
897753614210543616
3141247905
823924268035665921
848197973750063104
794162609385635841
1368310237
734790575233368065
468336766
799256809
848525928749727744
934976106
426706000
2523401101
3142211357
858036756771373060
872460754582110209
2418000332
720382036595253248
461438169
866622002592972801
3653436137
3485919554
724429339090014208
843409458
4842383686
831323620106436608
937765410
2849575284
793801850919194625
890635781714456576
92962830
552952117
832194584239280128
873934802872922115
495951229
1634180952
772953279625957376
804184616
1568684017
295116156
889532993978724354
3092586064
2805872361
4203711202
1688957876
1234578650
343661855
845250756320092160
898560921739677700
443449025
905355376341663744
302802805
1449480300
898947240948936704
209465503
748083552588201984
751115285483192320
4248260746
892011263168888832
2744863988
908726395416723456
2839671049
864045159503343616
1266120235
899016848334876673
2941609210
2432022271
3442456397
2714607003
2804105456
895872960094887937
873410453703016448
798931125129412609
878510946163073024
870998121144135681
1623170534
1560966036
849911167199977472
457225441
3533382978
813947530186629120
809880168936378373
3418293983
870809969775398912
780830648
903286050667339776
3394344809
872812180478894080
2880515215
2854369448
3142017169
3305147418
848639163759042562
22929339
591603830
3624524602
335274831
861314846029213696
835094221065355265
869327258770649093
227651223
2759513287
147558951
2282815712
1865655433
226709175
714375448206028800
1363157413
358677745
2829118519
800380995736248321
1089566382
754559672
148361361
2603521847
895550216916553728
764986885580128256
3213498402
3219937086
321963480
854371395970748416
763064336415723520
513252549
4876907331
2623372053
1415844092
809613225968930816
853818789086937088
846360569154359297
301802643
3105652574
2837456153
857916045536788480
448661217
714197745976926208
4795561471
839352070503292929
276457946
886120218937798657
716470072219406336
764573103334756352
807196460471226368
494127083
3077017035
1142176501
4182602654
72636140
25722306
735003075887419392
161539091
732131673203052544
829466781941112832
603881626
723578492659617792
744889783575527425
2927469435
797365991718039552
3610488977
909743192588771328
720468835011321857
253472470
236593705
871444065530851330
908833925950304256
4246082894
16322921
2763325963
2820915401
905800021903159300
190516070
240318233
2670997404
3187984788
2159795473
864106483474079744
2755556649
1296780374
2308070996
250637435
797001847261294592
740494634179268608
21395503
814830263612096512
1534819884
459926398
40238489
775678168233603072
979779361
2560293962
92305497
85577767
750739985880453120
714155584673722368
389599557
179043178
21984352
904551987102003200
376333378
3025697049
2428797115
863410099892518912
809418456986697728
3138940106
847494133413421056
220057500
904923811232878592
871823757031165953
3238910114
3164878643
2772063929
837090865914990592
836692708395782146
2479668734
873075908277436416
865851120639500289
2242883306
858443232711249921
733146425450696705
2380557103
817483201
522624582
791465049218883584
4131266472
724700826942488576
909722490204676097
871055857286557697
819516546850635776
880765845714202624
198065433
3323300979
873421749932613632
3046636034
746953222066036738
174992113
1732897962
991269594
740219579377549312
2806680928
3065786157
603151732
1154746182
2153193790
848253910787788800
755152143141703681
2881593795
154878743
4611026666
831843545371799553
2515555202
901359608
811133498056507392
377552646
850328293555482624
3268723854
1345249686
1651716367
2512365524
2601278598
352496819
369503322
847565576683782144
3569336902
2303049810
812600214481674240
828215322175950849
3426810803
909750089995792384
907918554766307329
155539186
1434171020
2939329815
2171991823
807661208438448128
739560640067538944
861967555589804032
872283463319044096
906466671627350016
2328425917
302013638
833906439479451650
3369712769
808022201056169984
2254999551
1174727792
739809127342477312
1663551680
898480642593259521
2738769203
875356218293977089
2922520635
2299907651
3289288498
2300201947
779684474850254848
4885344200
2349294654
842906638390648832
3005889483
467666791
3241717929
907935405248585729
394041059
228807688
829782518090055680
109405705
221713106
828098439305162752
538585682
895115456796688384
1632191587
1496396396
226174869
776019046596808704
2960640539
3344792524
552738406
4794546523
531872077
1335527016
866972618
937035240
299247988
2875945202
317213686
836019658721492992
2638633397
1565403067
528547235
381915842
804729404
897051704331567104
803331002
555457403
368339906
836268153999147010
855372636112683008
895021105446047744
771077157489479680
821386776950534145
138559268
141699942
849698523893432321
1536403441
894820412831526912
2257142632
909782547298754560
798635143250477056
428396318
787563954
816278844
373367447
1714235514
853291882994176002
781571735460118528
841752603490934785
768249850450239488
276650492
106454932
2491426556
208698994
2797057980
110779963
839107094066388992
742336166398156800
351595234
1543837134
4302918982
2154993427
1887611881
248465614
787329242795274240
2254993754
1329344222
279239361
891411391323807744
255034575
552141504
856180271288373248
799969556148191232
296975945
804352330162470912
2474602740
395607811
4927428989
749277475868467202
858732822
2867059161
1966064708
242069309
74604221
568198782
2313106004
166941557
3881007015
2239433084
461060151
84192962
1410081
816662172730359809
3022844344
835956148524179456
2282492269
2703107609
428289469
588397093
3002176703
2251552290
2372618514
2257478042
886408415605657600
715059180428795904
727801343528845312
1004186437
890803999301132288
886121599677726720
755298622087069696
3376253169
803961037284405248
731201817682583552
3131138656
406171063
65354655
3295449436
106566502
2876195841
2415833056
3282889993
2433461095
771765203495219200
187230604
840959047234920454
2904300171
844261845104033792
634527558
63626817
708573248276008960
870359529057390593
1094238553
3363390825
499888238
343544730
356914965
223557428
2530502288
730874079293673472
1124189258
1659632059
833873876870369280
453247154
96642360
749707858950889472
224723506
197099897
2256455618
757569608375267328
4132912523
252249915
302606570
3570913582
331272179
2161303052
900145818530918400
195742230
263332849
43825188
1129097383
2927501795
2829162733
829859293
176996371
2487501619
303929938
1439159443
3383161385
593856481
1189803930
3087599385
717349822282473472
3048570736
795661797378457600
857974058
1725179923
2752047192
810796641615773696
94919897
47447923
722624464979107840
1571936156
898812702235250688
1378431426
808597074145144832
379937299
515991113
907510688565927936
2593329120
879425527274246144
260335091
223181745
906146080940855296
36155554
2504764505
1127665448
331095673
260361533
2957279762
2554642614
4547798236
2938343808
3020051957
335007218
855557364845428736
2938698227
711120256509595648
700108531324702721
866472702252593152
882230188251254784
754076924083834880
1705625845
3024133551
379197352
746898773381681152
610025382
885340635854753793
101444951
119654649
611695130
306468616
3597015736
3913676475
264986505
3083582602
219922398
717040910530428928
809161191297863680
18479513
751807631107485697
2194499105
46437618
901809977404346369
732611629238657025
400880288
730973264
2438691224
3482820493
901826255670173696
72928649
2429733343
2900823115
481217525
844119251304796160
397342599
729461523639341057
3899522788
496036979
126553236
4673722626
852607430517075968
3003901584
471019041
521669681
3048537804
726676722075181056
457742722
1298113171
2435125616
889939255019155456
3046437229
880478157903728640
886386459804151809
837284653572599808
3305835383
984994646
85028624
701785766171701248
436138106
3851473414
886968330816540673
191493259
476771908
4309808685
844196759677091840
755812897121525761
4852114013
702966497505898496
823289436280655872
316281838
135143872
108580585
786202223055298561
819226836001497088
730720074970103809
358946317
251827840
21189974
868926695054520320
2155176055
553726815
