884092152472637441
908349625303797765
907174143929602048
907172772861935621
907878594390753280
907629482835574784
870243443917950976
871152111970639875
908022290083966981
871155279693570050
885803185717301249
907627858348167168
907875240260390912
885799639005483008
886236162750373890
906771331697520642
885804253977206785
863394728565514241
865931666539282436
907159685106716672
906455362064265216
2995119880
886481095
840346678729281536
395969082
846770953065566208
1238541457
392002357
388395629
527464724
3107821605
774558964482703361
345018404
3384808361
3823231582
634542776
853281903448817664
1959415316
333425747
207257982
366583526
1482571778
1678246723
1944344096
588227834
877047960789331969
549754077
112761634
776112077832351749
3023240338
993538020
1919645720
4703486220
875454699071094784
829694668313083905
3007984510
1060257210
3727548437
3163276066
4212203806
86080969
359919350
195751257
171175952
1172791447
190671244
109965159
1301352392
521517278
882735397016666112
822755934984343552
743915462
845026603
722750042940030976
1974504816
745615972254490624
3650930536
845233229460357121
828931036306370560
473299347
252409527
445007673
372286735
852450669076336641
297601757
905564535171547136
288744127
2837417427
1049132498
1352102401
799187693989203968
2210923094
743614851684122628
3140767322
892166172430520320
797879793182212097
850857674786787328
769531449682829313
879012245883293696
4276700907
781122309725818880
4816623579
796417355752624128
869323123426025472
884794677689548801
3332987253
844040238699872256
299247988
1084214388
81081274
756918045440897024
821000434043285504
882687117754863617
257036447
175533480
174876254
824430532079603713
4510953794
757840926
301619602
2485904353
733996840979288069
466114565
13879452
957451771
2812133727
704121005778804736
1170058272
2802048031
3833103315
723568980619874305
796017936897114112
831590354709266432
790426298011103232
907376110219837440
759805577245528064
3141127373
3252921760
1675511335
1411784538
117713581
158242453
2873477824
4701387381
733242912
133052595
2700704598
897941466466590721
2558666677
560923592
276204298
196845049
161761347
1907303942
3439170478
3135323029
795317136663212037
723292999464194048
383013356
3133954671
4006363813
900921041723297792
3239109106
3296509948
94256628
821003728585105410
3371555651
779001516178956288
1583953873
1685389154
2903672507
182203798
2985709990
810823579348729856
494044808
96790991
3196054701
1935811688
149441894
480382619
1241207598
3239095665
786270056296558592
953362562
829302573605740546
4740985824
895842583972392961
825145501116932096
819369245108736001
3309664030
729168926
900338235305590788
788127426828234752
900873734218821636
1678243501
2482615860
410826374
773424557843709952
514617834
3363567191
1250642556
521529679
569423798
538178353
588573877
876934717857308672
701161808464318464
3298398038
898102587874045954
2437146980
3299773235
482169212
1858352592
1012268970
576585647
529798292
2811658004
603470909
818324269
739882279640633344
465910351
1086114937
1213624272
297015030
183654420
231517932
1962789782
4005093854
810303256056528896
450045684
441468846
1138501255
388929021
1716646088
849803520
528002656
711751063477620736
112523709
906234637999013888
1946789515
2250867638
19283228
20424883
332771162
810979351265153025
748624098025168896
1915056265
456950037
893795702
118147457
94168855
217017451
368868202
716187209527922688
4158553283
3075156208
791283844754317312
874302917477531648
900877742501232644
200218383
3192439265
792103288112025601
463823457
2736034041
234110240
2394886988
700497142
2740719044
3026432579
3790887675
4635347541
703592869257412608
237390130
2591239788
727512962651533312
872150846536134656
886907238
833867835029983232
3648100212
882332920530260033
462320890
1924245590
834095742524461057
411628039
731524559694876672
903699894963228672
270432501
871748852
344131279
574745771
39203045
356914965
344816450
976498723
1220322860
86199530
2731166505
2182426692
901608335182630917
276586473
2893293136
93362896
2243938875
790513536074149888
210491487
4625100912
780088033672568832
3647345481
3097800365
155857134
369173956
1480207699
278217268
313245901
219683269
93050318
448774908
819596763506110465
382897013
532831763
3235638209
2715190242
599405737
331257093
383755966
423663807
2543827075
627371278
468751671
3007634104
4904605469
598505105
3862299203
3213736672
3430173113
2445685420
734527562106478595
613568821
2390641621
806855664043782144
1959320959
4881958425
262716145
122918980
249738063
284660225
2690260297
1295763780
4398040883
1537168393
991397394
4733499015
1437233047
776784117191114753
820367490
939088278
350480713
251853284
123132991
303668229
1701339752
383946146
1361470219
151170333
144869112
829441034811695105
873723146725199874
3424773035
598820893
4621228835
707007826766520321
3227819250
2253248513
777504085931098112
315899896
445627355
1856000635
870772109248569344
289853248
2344974361
3292302162
2255097732
52934631
900145818530918400
892791079724089346
292466752
1777090616
251690677
729075672644239362
908839724
896838681708949504
4842747370
831114791083245568
751272147939569664
733651155574784004
882810467751743488
856305086431203328
1735718929
1907285084
730762557447897088
3059779497
3892925188
4103658028
1657920626
1290550819
2424783649
485675595
510867883
184032530
2906403220
154989123
216323036
97840455
4289515658
249978400
880896258944139265
752874715363041280
775056988061306880
864869587690631168
2393363880
399964506
574658353
2916269763
824995573006815235
725744145193680897
3308437029
604988212
373999927
2746486723
3166704521
2269139833
257965632
342164462
197610856
397506366
58915855
2277526482
2693191893
296453945
246981058
2499473491
907980543182163968
808983758
901410947931271169
1291422206
286259897
154518169
4688983290
729436611046412288
745093358918344708
719235212148940801
1702272008
764895561908645888
377536668
407982287
448981761
13623532
896473837231108096
10228272
398595742
863040046575890432
86437512
1119968437
804058541136941058
3163963174
3248395306
1914830670
1732889407
1149384582
507322412
1944314826
169001667
4794140818
1276313916
2284265389
473035287
12015532
842076512388034561
367770980
536636479
2911704591
750622367886499840
1373252725
1393108698
177712474
2438347352
339192036
824396916507164673
856971297108054016
1470909680
853639606738223104
805819177432911872
1539451436
2409463994
267646031
463040184
724565056474767361
2823111497
386234733
290227105
1024071680
3025332202
1674441565
518903281
827917866259324928
821789254523252736
2583283474
787618529197588480
2248454400
801629341159456768
3249002439
165624110
1202249946
489644061
101285800
857772166569394176
214927583
1520674969
874988470795722752
4904467299
285553319
110231838
1359795368
876933415651729409
420674926
125331893
749506310
2220296726
603768195
3332929011
903712307125125122
904105108526555136
779656285901971456
880390088588500992
1329367501
908022546796294152
611781616
359359426
1104350947
2902087121
952103431
761184994672992256
3437161599
123955962
574044303
808276629193654272
885732349778030592
542908739
2783133871
593189095
2866507815
574408668
3038112431
3045041025
984843295
869286260866781185
112113934
2837066141
896752637953138689
1447031480
593795597
801904781816111106
111170723
755874534511837185
2582748691
587524234
17549677
289357704
1033433060
22126710
292318148
167046571
3292163248
139129757
383144838
2945870891
853656147605291009
3420923013
738669367114731520
721011643744972804
2615035362
2529090201
3363119717
2896209298
940219272
2951986907
762942627062878208
2308296264
484948793
3401740277
3059270933
788477156372410368
124781911
1074079308
864517216708022273
2984501728
2477994842
878025745163067393
23061724
226178563
34743419
732410130
2215641764
2151456192
161423862
157131965
2886863553
2980148595
2606578440
601067192
482059376
1317919674
893172505044824064
1374088136
394062891
574759930
326406428
2447268841
818091821163286528
904738341723275265
980533194
361415573
2765552492
841198292218327042
222740170
4920005121
2590057776
4850826555
2287671788
2305351640
879668855064473604
440349621
2925226762
906245267640520710
474406312
4902511138
2707067045
894557383179030529
1227848773
362030201
419829044
635469069
199086225
834914901076422656
392165428
4659092061
897751260
1255678375
767300744466796544
148902501
149332159
1335745807
885116915211005952
897071767268859904
444738527
746546357691891712
2964665853
316633711
326563432
3073261971
106536185
284766807
487805454
798088568191283200
92813640
3411376847
2277697741
163931470
2750308295
1364469810
407247193
3023722773
4449817876
758184513222705152
2995088056
2225877773
2769499971
721177997311676420
1027336092
541951317
1640364084
2753112949
320241855
1648957945
2235179161
877594572
418021010
1080179473
908120301262778369
2530490070
553270356
334837967
1072706875
972545072
309143017
836992554109452290
523034022
2440468582
857704604338970624
182293385
232711903
11069862
2923629353
243338439
873239182386266118
241539067
331059090
3087314615
756921405984342020
553461745
2312891347
460651248
1495773475
2612485112
2769356483
308176740
3307348725
563202168
170262877
555060698
180419985
275644798
555190219
151606830
3093046822
1322925715
781374349794168832
470118783
382830213
363037012
4826581221
747972474072145924
538336170
48980508
324874429
819978162645925888
333084311
2325897584
329289783
2294264570
225802507
10639392
224212355
847334646589177856
620171226
2216468862
113060594
172072862
267291413
482226279
338341448
4623900443
794561911463546881
218248204
845311577137983489
820749385189429249
1677201348
776009235079499777
817207794
885970283718483969
361260902
575251710
2736548877
377344146
2289783650
588898161
2382889513
1608020005
840562506573602821
261014679
764544866
1022742602
720048216310472704
865612313721798656
405631677
55263316
499504880
2177525993
851818214
798212438743257088
2782716405
734657977689509888
2354144024
579553386
570817426
408470823
559707307
4829944925
2386206703
864666855625166848
703763330792611840
1175558659
1288721184
296167462
2484768624
3851812453
902073714703048704
361312488
775757709266255872
254657380
767679102
4805167403
1586329074
423439919
752972924433334272
2270045656
733060278
1506050372
2705660242
2364750630
908736211145158657
2310417315
4764569834
906040077544853506
515687947
4872052843
2609580382
870331705747492865
975097399
760304993240952837
4078519246
746150961249345536
1418457188
2589836798
3304015306
891080020382187520
2218806157
1962437856
110551509
585176227
1239221827
855372636112683008
3101741391
824045712
805907899176329217
236003878
1000950769
701392424
271669550
537536556
2917492558
41562632
4151297325
4754130695
2280000073
486923716
2696282728
413516123
3375753813
901293564881117184
701961895243284481
179788237
2995601392
771820016668856322
881324736172756992
1012292886
772261795889352704
869769247597232128
3291030858
854947472
714909458854506497
3709669576
3472538241
4858140819
510110626
1667595217
2826576133
3171046838
2173724837
1967426696
735252919788929028
62936542
765593009568317440
2561593400
2845899136
709511572792713217
3306607319
2384282977
2571508362
2587287926
3248088819
2942270182
507310216
708979994228293633
2230432183
1692567860
731973826486149121
95349409
186146015
3329395450
2591989093
460452009
216726776
356852981
3291737799
233290121
901634957671632896
88714239
1635792750
240219353
703962861547229185
4030275148
794902903
839595460121636864
1628899112
3317232838
2446286805
703768601594105856
2331954152
508095462
549704952
240437943
476130150
907651690198859783
155044592
759901331385622528
389920763
820596711739576320
1876443739
867081685078339584
3835750545
2511518557
1173995472
722122760432910337
785734186762051585
771838364584648704
1658656070
788938745391124480
756508073204846592
1498677091
2341426370
2222314424
2754628824
125941013
808889090091401216
164077037
2405039214
3378834159
769132066948644864
2333737224
3214631806
139521895
2407266884
4221211276
875834110962536448
764568582189682688
190252303
2353344204
2412925585
252044842
2997036737
634548302
3130568301
1730452914
2766631482
3973068268
1630511514
753553801047580672
879145941965524992
370145942
2983251003
2233977558
2488103306
358170380
899021737312096256
2277752595
307939636
4840362947
2588508494
203748018
330575759
902010523
2163271184
584259954
800520327964917760
3519344002
4753530753
408394577
868449655
2394564655
1482891858
886261409327325184
2639264131
3108295066
765721614793211904
358567915
777024386788237312
882544283273875456
223995996
3148074250
2458781418
869655504175464449
747837685
3040499827
125702339
402972130
1502036832
29479000
826438022891765764
384400438
3165295703
3602713937
763090381361729536
1179438630
2936571889
3075384971
1915730821
749463582
1239326670
4118230337
870399536
154283683
3203269031
2195683113
1544386754
783023204369592320
735089338162270208
539029431
293757140
714813677652865024
908774774817599489
241148112
119132148
894166685242073092
907622498086391808
134949404
68847612
338512547
396196960
2548159716
177273182
245053405
969062707
351547351
620268063
2340860827
506847829
3402103821
2815724642
552822563
719337517305040896
612421966
1526195592
347372242
894434277873651712
2742365811
269966277
2614324153
3350405781
492498908
3733290856
1417119462
779179493596532736
1873692708
861944958
4566482717
2468132233
222346304
156366123
3040530191
1647649063
907665847308521472
347339124
2327846731
434364975
787374532193554432
1380317864
755830021483294722
877870393008287744
2357632235
624983724
496429737
386814025
2850863877
187158529
2736250481
111433875
177549277
2223916314
723966787998588928
833433636942778368
510531684
2746117150
3129924077
100562830
903736328923308034
1310521099
121898741
3131155361
787723030629785601
811442047
2866265365
806729313785516032
1161448206
2303209350
1004771450
784163187662819328
1857735714
821046868062957570
245878174
707978298152902656
315373853
157753897
1500311732
2805894142
756565752883322880
727094758867349504
730318862584033285
348214869
980607229
2857436187
1373566838
3327340891
3592971316
182507735
614651889
359837959
765158334068645889
239501169
562588560
3710546717
764981308481277952
888834703544942594
2924527991
546054565
2951744782
1612643041
852244681719263232
803871192
2821202723
883015730769297408
389467427
158114250
3246608051
2507607450
106458923
1467589494
3431285776
852238023404244994
521784258
779385707123052544
152041589
458541300
190346786
986885412
2669635350
908639680622624768
3029939948
879652276591370241
964823522
906475706976272384
380789117
3226112176
2236690412
877694245863346178
734761560321724417
2997590920
877676055393423360
571055482
17007560
217777083
852166714238398464
111640101
169611941
193067484
2172672233
874142260589453317
852207275930525697
258309478
3129895986
2965095165
609462733
201527441
852232521962201088
878596333409636353
700684522136825856
408795309
822500684977369088
4600688717
3111529980
766942594928697344
387345939
874524228032311296
527489407
15880163
2497377785
2730503256
3391342108
4561455135
877607269457952768
434196881
186486871
610858421
3111508019
2875388743
2959822090
1475992898
879438759338627072
752358000124387328
431544186
480764296
4815831081
2165561021
489899893
2165514783
3103125627
897406071915986946
825137165457829888
886242112857137152
804012677332865025
327006066
818896560
753512281661640704
402980410
904721183345696769
775374885262614528
2555325966
2939342622
2478719282
727490482587230209
814454084057137160
421830010
209482787
2805282181
2280657626
795543018191273984
3635140215
740064257677643776
4827697694
855812381867360257
875830094
942101936
899221032
33936681
2867287522
886810680824692739
801241797477289985
908980804390240257
874015210637602817
908705266744602624
852551170098954240
907417038058074112
835388611533090816
715358358920957952
883637564355346432
100082492
1904200417
801111628758532097
2684515032
763180400122269696
898238246248906758
23496586
2827028103
706161441003466752
885211695127425024
776842531774562304
3189789742
771807276692799488
2429305942
902522984027521024
1670403810
799948480978489344
2287820964
715451170777645057
888487003649593344
731467444485824512
855201309036650496
2903414991
753986095705165824
2723191312
868768771774836737
714769440139829248
850145300241141762
492363646
3071444552
877893431451942913
757879414990446592
824604023500181504
740476173306765312
789265846904365056
2430713994
4145118617
2821791654
2761937623
3995616089
2420931980
884237155257565184
628940302
2914000408
898598743418650624
857800597084356608
851465535254671360
775200552854573057
236340764
3454002677
876176817194979331
846683835878248449
3319895516
42082083
865962636608806912
494844966
821711634485903360
762313516602822656
3376417817
1957214317
896640865015386112
765149443222073344
298706529
85985610
62482729
802488890657566720
39785535
3003239609
1423376226
874022523133808640
861218601990328321
886921277104992256
848886217
3439707075
1961486714
740401902979063809
758658741457780737
749287565941932032
3410279513
733830654140383232
4806548973
846560511923662848
732351330518454273
861534446830460928
823619134474899460
3025334897
908979640966008833
795542275547770880
2893194610
724696200151207941
4547984267
794992764127678464
283480301
851810194145366020
2758091053
716230880063328256
1659655572
722483505159122948
2956684979
901135938520104960
1211366066
2273504946
4343021236
722823915970686977
882850444074209281
3663113241
858945393006059520
804990074467340289
905411315119869952
905526639928516608
908027123121770497
768120567190974464
729280723736264705
53386277
127688831
909089094684246016
353494520
3828779997
254816730
545273397
35033769
198985863
384607610
31764639
846032179679375360
215923963
2546385691
1615909532
748218022167482368
808425944
776751446184202240
715724488717967360
20718696
2320066375
899476003428286464
469962838
250930113
2888137286
1590405854
98353344
431336956
784705696851824640
3017839548
1892764346
1348489050
3238641808
1381903736
854343728022118402
794263345222348800
28228172
715198343001952259
4643502929
1079707831
3302474904
769894193791721472
1053753451
848894203
857996281159004160
814215842242170880
2467665368
848170600703066112
4916962807
3692821877
2764545907
893535409719975936
2448071691
317244516
426706000
4429553686
3247876071
803195910
780836983715221504
864310168519155717
972591116
709675083812442112
1083319286
159341255
2847100095
732271246562480128
702605755166412801
704347232288505856
1155379550
821436903039897600
2181272004
715654926358024193
3012889453
2613982245
823033479189250048
723405281648992256
907253094442061828
1944177338
19315409
2973485782
829783890545958912
908056577911001088
39344708
593359295
1345471728
3982070781
740193912116105216
710231173381943296
734397748322181120
431805458
1452480684
757667149880197120
43633290
3948650055
1375791500
768669144531206144
161385967
840942769573105664
9508602
788429787681333248
293124821
895320673140305920
1030564633
2863398420
3369264777
901851815544807424
853766998643400704
882767089173508097
3481325655
793436339815448577
4852748475
829683592833835008
2807793017
898947240948936704
3371102333
799204250106609666
193333713
3438261849
833907461459476480
895393176168665088
702539119625428993
359984825
2298852367
2780980626
893451574369976320
1141130678
898431804209627137
830291647359508481
1020888420
2494020248
2225251320
866580257880514560
3231401467
831930320949743616
4083835516
875489580547440640
2517439500
1431204614
4405744332
2941214692
824782614389194752
906637154381713409
2316226203
855143643681894400
826674697559560193
4364027052
1873398656
829448901379887104
360865803
2180432083
2463350786
763013050362425344
3390750412
4830033231
815984935445987328
890686903506173952
798962331141210112
1240072309
3270066362
331095673
859864305252016128
909088496052207616
763064336415723520
2854976865
831184088937721856
3009942333
320944800
786010093603160064
1302295274
831912866659827712
3569336902
872678241471004673
2847431324
745287313589178368
325447493
531818432
888477107919224833
908006229582209026
294012018
1155228426
825145371047428096
3036425714
1149945661
747711428883283968
2895419426
732591046232662017
2743841072
3296635628
803134454244003840
553992712
407320041
164947628
109883300
1605945355
1243364834
1679154548
871128066810142720
848225434311557120
787820934887383041
3161499676
705796062523613184
3308920727
700450308820967424
822511692282068993
731220809361072128
3431971894
3919251327
747503714198495232
912070358
568458902
57727335
700728500483923968
710749153777864704
844496725524041728
257505706
1652546616
3071482166
803940868751118336
849282842857099265
3340334002
281977740
348056057
3347896701
2493798724
899487646942101504
803738028120350721
891699157110591490
2994178530
3319497669
906387199045754880
887443122942230528
468418905
757289339298648064
105747035
3009985960
2725521065
3921200765
755690720799907840
829015859230187520
786626577182273536
164943978
285939167
852397494344581120
2358620791
1332622465
767185698600386560
703905798305529860
860235570127175681
857984020902273024
167170021
2569319161
848537618895835137
3402571114
3151113974
4898906474
3382003173
3187663265
882110179206025217
4887617780
780061247383465984
771144846740365312
838393598051766272
818197120494735360
1861297344
2942587130
3295667809
818949513993981952
42195197
310250361
472900892
711409196890087425
850410864045850624
198539589
1434171020
2583482820
862976844001234946
869685194545963008
905965744919371777
901939154262642689
4848970450
819784417283481600
707619156
3238134547
3383552423
1423274492
870006769875079168
14944855
879700431290728448
1622030618
856256798407479296
1222802414
782013048152174593
840291854746812417
774695468131553285
4741613060
3048582766
788204464641499137
770203724476256256
2455492646
403349929
885282176
3303385778
213461269
877209147636318208
877700416686960641
2354793728
709655619762917376
1207716422
335141638
2294157675
828667142992166912
729762072
729690584089296896
4131266472
3920198315
3229305373
2151928632
767057487174467584
715054602232676352
3023633855
861195223619293184
899036667083972610
2907818347
4267118194
785516755309461504
896498829339619328
844197164075143173
4460798667
336260705
2545106810
17788717
3005211236
2538869182
738793830871367682
4851055709
119530137
44563595
271130230
34286487
168681472
14364779
389599557
891417882281758720
828554661007355904
4880988612
1265772218
787001625873358848
804629004103913473
760186997667397632
4893338776
870382674736820224
814882011538132992
908823746349281281
291997147
33538958
3129340906
871823757031165953
3934052669
1563032940
859112091193683968
739614247412334593
3025697049
2352014394
895482123976450048
4313606003
3692675775
837090865914990592
889497879882104832
851844039406010368
984687588
839904363640401920
776843255199698944
851141857967054848
735864902045323264
3586799294
2869460441
870765132716101633
2923574121
3282769682
4898571757
3316603543
455938423
147142352
780064361155063808
887165181578498048
872056338058235905
3219937086
732916724069081088
828261929214951424
948190603
241874691
891754050852720640
2657231905
843424402561781764
1629601039
3950477674
2187651397
760310562
2246122356
3188108671
841564646
843506085755609088
2968089939
153847430
94141566
45055696
890038130010603520
845321768877285377
1045295604
4458793893
3516133157
865899636149460994
3366986499
1934968140
768498662620016641
70698852
772793347341635585
2652696187
770936898172751872
2749886298
774984667854405636
820701212777582593
291788702
2343759348
902248638411399168
2444124233
3150544778
132325121
2347406138
741746688713326592
33753613
2646874993
133006939
744585346072125442
2311785625
3225245692
2172769734
3161714565
888484520550387713
868772349075705856
832344559984193536
3365500551
559500871
2375451060
1104152047
878892567965958144
888209322739716096
2954373391
727115875950706689
904486610535927809
1345028863
2252659458
792700068688171009
844124731968278533
879292601710645248
704558365737934848
441886739
1455738998
287858728
968575069
139377044
2846126218
623894751
901685753947742208
847523197184626690
3435759245
1734712783
2227407892
856746413736116224
15522574
28731488
812780900958216192
634241478
808030471246544897
732049727793942528
865432697681752065
748556123507142657
280803970
782348236052987904
721890132752736256
1500378152
846360569154359297
1378054628
1426386079
763377776715935744
897396615799074816
3349562769
972017172
845044839360159746
727817554060840960
906971721823121410
868408150285791232
2698807580
907535163441270784
2429580423
2891449635
850668515149393920
870343072688869376
1129653500
4716415981
791844686512074752
897685477704249344
724799695986413568
815442097289338880
735334202
3489947897
4104231447
770217272061333506
1520840894
2232073207
162076623
899749068515057665
772146455691816960
2424969101
1595209135
2568154120
908456843688710150
2925936664
4011161172
833822389121273858
865524469611110403
20161536
791646164806463488
455244572
2841504038
306950129
554634125
2863037239
874972507434045441
529016108
759807739229077506
3155884361
2918682594
739903451589664768
3235366555
853570469181652994
905195120496128001
872148735140257793
2305524084
701325370167947265
843639269600051200
2268006397
901996356612612097
21308488
335783270
902992051301699586
3402286205
897301585356668932
738721802948595712
1416218448
2153526648
908373202988158980
1513002752
19976791
26045394
18553965
31524543
2727357872
3471359663
787674437134974976
3186718789
2593338459
2464043576
596845206
851661253944766465
2361479514
3420748383
829750506994147330
820780704032296960
2265587849
418310969
899656850911657984
764114163908173824
891754382181765122
536739095
3321945053
1615860746
896545827275124737
748889440412700674
779963980567678980
750690760257921024
877668723271680000
741291966319628289
2277423670
883895050488483841
531401378
1610677032
118854480
409827184
900718565023662080
1345789680
811831513356582912
732741860490240000
2491482031
844001274274095104
1110906158
308545895
2236507784
37722364
358079869
2155745957
3302949759
3239022497
729682284153057280
2755453289
712986759823560705
2241797486
3349387481
1870980115
2964859419
771000489500565504
821889119508983808
838435736286158849
909164696812605441
769356077758607360
711296835512500225
3807159855
949439634
2764272604
746710554
3955593328
107508710
868515185933287429
739159942947573761
738712291386986497
740613423671697408
2916194059
792467846093803520
405162642
2273261392
346538142
864525927438536707
732728890519658498
2656848816
4613350522
1716860131
856488426081837057
883455662268833792
4750620613
880248235188727810
4742301507
2323376245
743430382478106625
870548053144502272
740886976174411776
2746382675
827457883092692992
3296290650
1694904930
4410376761
4395371609
2451611514
906826712457072640
321872319
19763785
4134938453
3323558448
740568472493625347
350587145
843858335363416064
797909865549168644
432841998
3272287237
1417126988
3348826288
3401814765
904835853758943232
902236760960270338
1648670556
4243312223
821784691212746753
795805665356816384
800542444945182720
821062994889207808
3506375179
713388300975869952
427097804
839275317999063040
2567843173
25836723
2279342694
2881993721
837485359718072322
446378580
415629985
403992832
3848286801
184530310
738200845041426436
4804223635
4923544019
3353450897
551153971
880425358570475520
116451098
859066332100386816
825475608310317056
884648405754028032
4925673370
750221064316264448
3036399474
3439347833
825005014892437504
2957806149
3005997093
820656697492455424
706796537762996225
2279987507
127624965
3387714739
3364496463
906952296659128321
35773873
816768043372183552
3008302342
2878667499
1912524091
2548763556
1007268745
425880161
3039397036
54585433
3022703464
2904644578
2337651614
36187473
756752986139918341
753080588807045122
4902948681
883383999133036546
373720842
3267190853
752564762047750144
61445265
784814279904067585
2925208568
795281066055573505
853735657
739578877740212224
731449095844450306
854598235846918144
826283241539780610
3348168970
706694033926594561
86915367
806115892283273216
2366461675
739596279567765504
861130969075548160
885400234691510274
825985708196192256
2436920035
714328553358118913
851677464514371584
752147371513950208
3314485566
768960284924973058
2804325620
349814137
1672630747
768875761
721373044258701312
807786425760489472
857706267355131904
426711211
139705942
626201650
23942004
892364413688205315
902109954378784770
240346932
901074674603487233
2161870503
2961690307
251849142
47806088
497687281
2208283375
866490064196349952
400890294
59673960
65790503
727086780227407872
865345400835903489
704851922864308224
2716288614
906083746121580544
904417532312002560
875945617578766336
408168558
112263057
2371672614
522235833
816671289037307904
876257806499934209
3408870358
906953670310236160
3435709880
481350325
748083552588201984
796658432715538432
854123004
574850451
2270854314
715798226155278337
702966497505898496
2901755927
2509443199
899827964291895296
838505953569849344
2430167376
3186563616
861644319278505985
840845875739938816
2933882601
731439203444260864
751822161648689152
734205712037908485
30564139
1954605872
863560830788354048
739439049929166848
804184616
862446831455936512
2919274838
2799484952
871560306337689600
4157114779
875368012718645250
714532037818880001
415033152
91354158
805386527052177409
744813327977570304
886272209605361664
564993343
18827300
98677184
415859364
852062821076660224
892505711569186818
829313141825736704
847168810834673666
738423796495978496
1375703036
882102077979324416
908353135760080898
1137226250
895635419827752960
896303551957413888
3006968953
269394737
26599573
3297439576
840723521126973440
906220827024080896
772062144506449920
789310164713242624
2229001784
817563859124977665
907642585539162112
4763893272
778773494
102577921
487911446
3071635522
707354929
2170792711
2365049654
836133115194036224
3004388709
848054675714605056
2584094383
1265164374
825872257243238401
104121867
3036891070
738832627197718528
4164740060
788479436270112768
901359608
908294634220150784
3352062435
728301072847097856
738274301254721536
2938806792
846800499718311936
839165475091169282
754110991839875072
200278429
4303072696
594987053
4881025579
770384665840607232
801448226230452224
2996647051
2586713737
735737827720187906
770280075782680576
3115186672
3035984766
790606428390260737
870954559228784640
1369283754
711845433031704576
761721997747421184
787520537153118208
975610500
2858122816
2936699775
4740948972
740093704451592192
786439638370033664
547552261
736809162370383872
906434545356066816
601001757
730763113465700352
3268680985
114531926
824019739919974400
800669821780119552
841947870802640898
1354985390
872136352296443906
750363953339904000
4494592097
434287440
882466781964648453
4334756658
858219315430019073
895609105275994112
3369379973
159000365
856880105045544960
894223184257576964
866378929904513024
2872691390
908212041344622593
906504743291416576
39906606
833064937
847427796557103105
4824905897
2814669301
1064031248
4223013132
891316294422851584
728642647221489664
898748250320130048
1672692702
777222931231408128
2698363940
896698787498004480
1287957650
748973589051740160
62698973
3116988850
770365434449321988
2937903494
546311292
75209118
452070551
772132118382149632
3219982739
3016475631
107788143
600591179
222699691
811394291692019712
804750371793076224
4562034985
816352702858989572
3068282649
2343543242
1337874014
600847979
2962539058
2202085889
2598082074
737750776626438144
544419668
855170428440117249
898306063195176960
858237923195596800
4726610952
709331221441069056
849396780034924545
784185143892160512
2449175374
760323196939739136
2759080567
754069275409846272
732958191164784641
101847333
22947325
323186694
903907685170651138
55282726
899935438571540480
2391656839
834138841078493184
909307620913160193
889065366655188992
3259825303
883780840374906880
760634746858639360
2851895180
2958109374
942203196
909148189395218433
893793912015523840
812001327748419584
3395278966
784544956069404672
850266940262162432
2851345879
2910985258
2206737648
800034883619979264
88933320
100766356
446486047
3399423424
2229154702
3014608482
821263514165616640
48656892
786288653807054848
2960383245
4561993277
69874189
3085286016
740242134138298368
3886308076
756484333939019776
26321751
28081509
2996387970
732414084243546112
2891606311
172930105
858875367167205376
887417448302919680
705059544431464448
1384074582
756847284512559104
561568865
1595616066
747447994186891265
3409464257
3418788432
771044720290258944
829034296040108033
112897001
760128177658171393
3124102259
772881518897266688
701335052290908161
3023111818
904555188895326209
3246376380
28642942
882017842295590912
4845820707
849754591176474624
796236374512910336
798249666219507712
878737142138064897
862351162669842432
603439428
2940024237
4028531626
902636644922253312
899720699329347585
3632583677
1296325537
145772197
701731981445431296
2615741204
832824667559845888
55721844
379971072
715724437908226048
833194758516383744
898795140331880448
2685902970
842796552083128321
865116670091812864
716158899586342912
455996435
94695366
120951886
295733642
846392262674169858
732608712293158912
795681295791689730
816735897383305216
793092694591627264
4737332483
813345724222029824
1883362465
4669196887
3416931460
846692387485233152
875111349495386112
876222430762721280
531054600
720413885728038912
2748585072
436122958
897420219353677824
3064906113
245074414
4854454140
1546606848
892951911606956032
849324853496864769
3029853939
2763143250
49631894
253472470
236593705
453267645
3624524602
335274831
826716131331305472
1709972874
2425970665
4374890594
903033743044222977
342525580
1857846476
397342599
854795354172256258
1329356035
906915008856162309
2713707401
753338694996725761
811850142257016833
909306666021134336
863806623751573504
713671151902285826
3039188603
3354588499
811018589662629888
215187970
472270444
889580947309559809
389898091
2319758940
131079567
891944810088726528
2269555914
806031962368421889
894131615005380609
2784602616
2544850862
3128195879
3239097093
713473351172431876
2280777879
890501603387731968
2866921145
4869969645
706187237877116928
827029434
68014450
3023137332
782350871472381952
4276480398
2697570791
326225556
899973378768986113
792913091302264832
3238268346
219814579
4230769714
2872355776
225125248
820021713685643266
830834381644251137
2582796249
2961404189
62755632
856085101268144128
770635812971118592
885904275234320384
3949092981
901895441364774913
1114681478
589265053
2780941230
768138713692049408
726139681352593409
886625526487633922
855740842790854656
3347778317
829426380010057730
838528718423347205
704029696
1100316817
4671245623
3424236929
2211765788
765229797593284608
871015893844713476
3423484263
1243916364
767029435627429888
2923562674
438443198
844115463932133376
555234645
880879075849641985
4834365419
2536562912
1244232312
3297785933
702975412306108417
2747177126
889775146122215424
876725189194780672
1407600805
886695174243528704
896107567293886468
4033242253
2546141375
431838159
762982185313964033
3130245983
898160691319853056
795789570373611520
802242268128223232
4735400836
846147302582616066
850470265943457792
909400043848916992
2911374973
1843181438
2718344564
1975357334
701840015282872321
872847148353761281
3295799423
2954028280
416357363
3002326695
864504150373134336
904052791483695104
756588680937168896
1219514130
906965267217035264
3903884546
899346063689207808
601770467
4209982059
2759491843
527605752
520180226
715644716042358784
3302847328
944812189
198347274
259395895
823105058
3414708627
4861951113
528499032
478912230
1469811883
781461307153321984
788040184755523584
904350316006662145
862326999712452609
1614563814
2644393955
348610523
736252052691668992
909515155670573056
96877126
83565817
612022861
1283273112
773899566500442113
1221878168
2497531712
2203746379
803097913345740800
2414286716
774354017254248448
1129882992
3224642626
4760539517
720704394954674176
8392262
810645728905207808
2923839344
346557041
3424801769
95730044
861211175303995393
4210122754
888790032986677248
245446216
853574829441638401
2761471405
2468045966
115265415
3220645590
2468506634
89540633
382306837
4873761513
715312507527692288
514546629
875773861723287552
771000080476299264
890489857817980928
2366382954
134781588
4048793837
709939926893142016
3255893441
2269167008
2953235874
27479290
7542702
3340332579
861187258753441793
3208234007
2213241860
2392390045
899181383914070016
556159571
66515223
761635131752718336
891771134982664192
19939647
709168120523395073
725817960376459264
3426686199
3219734864
3615611362
164037549
870695598512459777
264116049
865194367379791872
98463168
462046861
3027190154
2178144021
2458880504
3047446290
830456182515048448
899013665285865472
899240118892081158
2945887109
2284060897
781554783614341120
909500108047306752
768657306066313216
273118271
731525080954572801
804177297821618176
809922416
494127083
725654789787283457
2563184584
303023932
4828226015
786708729710469120
927892722
2957167001
1644768738
4788635534
2276907211
84379377
4917665297
803022685592813568
1403695268
2370573551
906584625656590336
871075425853726720
2588394289
781532950928261120
876582263835820032
3077444841
893556035461545989
34908472
67545567
16647387
80682671
754862847226580992
904306491179524097
850515644722421760
1610461783
420536223
823689730369929216
305658219
772448552
255817298
898789187805208576
2379394222
2174934122
605687883
139785636
885471288441155584
263710717
2455535197
880105190866792449
208117200
1560542790
267430634
2973914338
3760413975
854835079243288576
2341340042
565495139
2166910865
2712568348
962840767
827679676579586048
3092106562
830176508664750081
4926990647
818071131446005762
3089252318
2876002835
2561793795
396639312
3291805024
2821202689
3000698489
356376110
1035499081
3710812221
1037968068
866756717136289793
119621742
1063901239
908760872163700737
773656765888094208
3298530539
864807659421274113
783792861330411520
446912347
1577878670
132135028
3253174180
713779622282981376
3062362189
907793179
901260700668002304
714224477953986561
798449798
890676483215241217
2951128000
895378117363105792
890971059977146368
823976188129452036
844275976792084480
3874418242
3501863235
2192618894
801156456556982272
883788441863041032
803394984892399616
2997399052
433309662
487929021
901939256683266050
815046974
846403483754483712
509220703
2868089092
178842790
2449731336
3438606136
714414122
909524062594043906
3288961074
1937458250
238760264
2868405526
151473224
172186118
145446342
573386979
126052105
3078941986
2746710991
1096082047
745419869781299201
726507177079373828
430122509
161320280
618335278
377790829
306450574
480675416
495056539
2413037228
861402360
859136220848418816
914223552
1749064777
1317420229
302298413
970245680
783293563182407680
767337722684010496
828652077928820737
781584767636692993
3417060011
2818864947
2752054887
192041175
903005254043787266
2626613109
306459474
2850024543
399682201
113498363
2301637284
907168455136350208
275430095
877531064973099008
179110542
253961810
2999612121
159445307
4332977783
806832798
434122693
342320615
2382102387
105082739
357545309
874810121511108608
87509105
3730909348
2972329859
869424881049497601
829441899987554304
532266532
846985602
593746942
1127166804
761890500026650624
120204932
4168106061
905209013540937728
3082742383
1377690685
261491629
152579052
739640296632291329
885377948085362688
129599987
563671347
3244046295
3222568925
166379003
2719482425
3574969634
2484097980
810919785030619137
789064929722654721
2560303124
1680258836
2561889739
873771400711909376
260379779
287806833
2376715547
202813865
4543614876
2873861103
715683257891876866
311073704
1959714775
2435877539
272730946
1941938918
2266049277
3382063553
105851192
822196237810143232
883483917063467010
2793134233
806974035317952516
2789939116
822343851109216257
1588438728
724913355664834560
867804187521937408
3083033135
2386301706
2215034965
268753451
1523350754
489180331
528699202
898312656439955456
776538986009464833
890962224864415744
865866959933521920
1714974451
855290347823349760
894240909570621441
739358748981010432
4099274560
749057070997999617
376505689
391993159
790775304
3154076661
2376531030
57162206
23166803
387426968
3391618899
3509608098
545558899
897977353338580992
2869372467
901151799092011008
770580666987716608
847792443974135809
865783250442231808
480306411
98330806
723251650174017536
3899607923
4279790004
4226142771
746454940160188416
894380497874432001
768662919261270016
768528146362576896
767828257077129221
768677769643372544
768353125107314688
767829088090423296
767833161850126336
767817832256208897
767832950264168448
767834106352791556
767860862627512320
767832701126729728
767831280620822528
768345415569772544
768602142278033409
768616180772900864
767917931346989056
767901075462557696
767889532633149440
767873286046900224
767862848118747136
767690897735741441
767833308235522048
768581516997890048
767732086757351424
767832768478900229
768680242772905984
768469319126745088
767833392843001856
767831820259983360
768566405935411201
767830288193974272
767680677890428928
767833210638180353
767825078272815104
767939551746719745
767831597097873409
767842059470434305
768633574853529600
268858190
768341425071140864
767828302736330752
767827903090491392
767834867254095872
767723100544835584
768199573147910144
767953781925502976
767833781415936002
768225282813755396
767832339309273093
767955418073165824
767835799048032258
767722232202264577
1975981194
767830992191164416
767731084654149632
767705847501905920
768189578792558592
767830798401728512
767724032867332096
767830879016214528
767831314405920772
767742662816460800
767750729394163712
768542047989030912
767833996873101312
767908580838281216
767896630142111744
1518768684
908685106658922498
855510000210411521
804459155499220993
2595092702
2331188958
820450590803144705
1237514952
210436496
1088742824
46935829
869915753826336772
1583353903
266089686
822444918173859842
865768496906485760
2776248572
728927932148637696
812670716977909760
870613983081906176
864178043190988800
909692619780792320
128277046
746300373707722752
153464869
890680045303451649
3015573621
1971106970
829964098838224897
1099209746
865627135246974979
875308810516054016
3194201842
760835065488244737
3129866158
464710497
903794667233431553
30863113
4208390175
433981593
858460116693143552
899534814742630401
751678617634021376
773986281399447552
739486388035407873
729977540522037248
825950297046409217
2650835887
872648650060578816
1549513399
4070595449
743894552956837888
3366617129
874246320843661312
887069452713566214
352342668
869605749730582528
2560852818
288216964
527572357
26583711
721357812035661824
2763810928
218285450
109275659
1330069326
789257747158138880
597133575
2452695710
1621946154
3257697476
3134976831
3334864534
707757595142959104
3360619577
854285283721969664
2360484039
876459086388248576
886478517445173248
38416446
736972722031501313
732959560135237633
3953239753
2743870940
830789921854062592
749608229538304000
731554664206979073
2406189824
809261480122064896
3418563826
905137218079117315
2291702765
19257934
1240032620
749819763480600576
1392132943
4881291389
901910598
51911557
32132673
2493687475
442979949
556895551
3040129547
1063151911
33223850
77171912
1207897986
2392717910
108270392
2362691880
891442681825697792
3404270753
881649286706061312
4736046181
2767781819
2342030562
2447770016
212861475
731770043969634304
511551909
147558951
830829284675743744
2323113025
1088841458
2485811094
798336169561956352
890238841512218625
875259161826574336
52740355
751321041880973312
904754518797189124
962225300
809352813138427904
196588526
90839242
2456747946
803975007802191872
797086754444451840
888983618676076545
4035830367
2322882660
902591862757720064
2313386319
2552902028
728013423792009217
908795259995381760
876439381849948161
1699442809
2749580326
1562660299
984868573
22422460
1130700288
395530124
900545039238971392
1436388134
856868371928887299
2908702098
2926590810
2209607156
2238848976
875682889987276800
3509896044
734890337945145344
872046495427702787
1256212442
1163672761
3266231197
54487223
26892767
2798237139
3060087762
3284568966
2985508476
469428920
756172522014384128
19933794
523257004
740094839132422144
1693515835
2576372761
3078018642
1447130534
886357074
850715811794780160
2866975992
3287979897
69900819
201058607
428118380
774703254533918720
60532606
2493515750
740471640400793600
834124915557203968
475134770
4219297558
889197485788246016
889777020262952961
840573712327925761
2807264648
4205362989
1202134825
861889353869557762
134194806
735545607943786496
778597298951426048
872987119588970500
836276437850152961
825771146167582720
3247738019
800837207342850048
1442052462
26825925
859164315814899713
1127288311
826605579825143810
851086298391736321
214103433
873857347742949376
879823295935389697
597207551
866311185674547200
134725086
47357851
731130287632076800
1723256401
3431306655
2960075363
2509304567
751788549867835393
199792328
19650709
3079866179
836717291270246400
65168107
890481231669981184
3870524241
748148013319618560
727914914875060224
732002969282068480
4885777906
3044597429
891950202504060928
2329636210
1218551917
3041215949
716787925564788736
1945267148
3944877857
934976106
1160689278
2523401101
3142211357
858036756771373060
872460754582110209
2581234464
2418000332
720382036595253248
461438169
866622002592972801
3653436137
3485919554
724429339090014208
843409458
3667542978
4842383686
831323620106436608
937765410
2849575284
793801850919194625
890635781714456576
92962830
552952117
832194584239280128
873934802872922115
495951229
1634180952
772953279625957376
1568684017
295116156
889532993978724354
3092586064
2805872361
4203711202
1688957876
1234578650
343661855
845250756320092160
898560921739677700
443449025
905355376341663744
302802805
1449480300
858717587793903618
51462770
724751354204286976
1329374198
876730654884454408
314485325
111063319
827748553820811266
278194571
903906616138809345
889159005062516736
900318439541231617
734748367
220057500
866224025407692801
764928929647955969
818025921336721408
164030757
882093877771079681
159947938
889899862313099264
3258060238
907536265398116352
2504937345
635796527
777622849355911168
3371007604
320654050
116534927
879655294632173569
23060739
2785934683
2482252423
468336766
2798240388
3019401747
853670264848224257
777608530086006784
897894731316908032
911493763
773418772946415617
741400590194868224
2786236168
3383528909
1399974332
881887871862493186
879515849240985600
3185743038
67076310
33902209
903320381347557377
825292511581241345
862258338188414976
909239551570276355
2389653596
732153836626968576
1879142726
240785963
1314362514
879292752432959490
775365338137497600
473021981
3977916815
909519873272893440
587284910
2986119375
921659144
574495862
3987141009
316324574
900045701362712577
10671602
18949290
25177098
18479513
144752092
703394766113869826
2996685760
1060722260
911362375
2738769203
860406801732259840
733858732199817216
873410453703016448
831450405582336000
864121628791377921
1649078774
731886380
807875825970323456
3057797454
591603830
2613326990
838503785773301760
209465503
751115285483192320
4248260746
892011263168888832
2744863988
908726395416723456
2839671049
864045159503343616
1266120235
899016848334876673
2941609210
2432022271
3442456397
2714607003
2804105456
895872960094887937
791602766
798931125129412609
878510946163073024
870998121144135681
1623170534
1560966036
2261991974
849911167199977472
457225441
3533382978
813947530186629120
809880168936378373
3418293983
870809969775398912
780830648
903286050667339776
3394344809
872812180478894080
2880515215
2854369448
3142017169
3305147418
848639163759042562
22929339
867722488524009472
861314846029213696
835094221065355265
869327258770649093
227651223
2759513287
2282815712
1865655433
226709175
714375448206028800
1363157413
358677745
2829118519
800380995736248321
1089566382
754559672
148361361
123600583
2603521847
862220829093920768
895550216916553728
764986885580128256
3213498402
321963480
854371395970748416
513252549
4876907331
2623372053
1415844092
809613225968930816
853818789086937088
301802643
3105652574
2837456153
857916045536788480
448661217
714197745976926208
4795561471
839352070503292929
276457946
886120218937798657
716470072219406336
764573103334756352
807196460471226368
3077017035
1142176501
4182602654
72636140
25722306
735003075887419392
161539091
732131673203052544
829466781941112832
603881626
723578492659617792
744889783575527425
2927469435
797365991718039552
3610488977
909743192588771328
720468835011321857
871444065530851330
908833925950304256
4246082894
16322921
2763325963
979779361
2560293962
92305497
85577767
750739985880453120
714155584673722368
459926398
179043178
869520008241664001
17310934
21984352
904551987102003200
376333378
2428797115
863410099892518912
809418456986697728
3138940106
847494133413421056
904923811232878592
3238910114
3164878643
2772063929
836692708395782146
2479668734
873075908277436416
865851120639500289
2242883306
858443232711249921
733146425450696705
2380557103
817483201
522624582
791465049218883584
724700826942488576
909722490204676097
871055857286557697
819516546850635776
880765845714202624
198065433
1149282956
3323300979
873421749932613632
3046636034
746953222066036738
174992113
1732897962
1534819884
991269594
740219579377549312
2806680928
3065786157
603151732
1154746182
2153193790
848253910787788800
755152143141703681
2881593795
154878743
4611026666
831843545371799553
2515555202
811133498056507392
377552646
850328293555482624
3268723854
1345249686
1651716367
2512365524
2601278598
352496819
369503322
847565576683782144
2303049810
812600214481674240
828215322175950849
3426810803
909750089995792384
907918554766307329
155539186
2939329815
2171991823
807661208438448128
739560640067538944
861967555589804032
872283463319044096
906466671627350016
2328425917
302013638
833906439479451650
3369712769
808022201056169984
2254999551
1174727792
739809127342477312
1663551680
898480642593259521
40238489
875356218293977089
2922520635
2299907651
3289288498
2300201947
779684474850254848
4885344200
2349294654
842906638390648832
793355166300811264
3039758561
232725909
299162542
331672974
1417462796
862157814113894400
797183719811465216
3780586753
847199585135144960
808758928188260352
3005889483
467666791
3241717929
907935405248585729
394041059
228807688
829782518090055680
109405705
221713106
828098439305162752
538585682
895115456796688384
1632191587
1496396396
226174869
776019046596808704
2960640539
3344792524
552738406
4794546523
531872077
1335527016
866972618
937035240
2875945202
317213686
836019658721492992
2638633397
1565403067
528547235
381915842
804729404
897051704331567104
803331002
555457403
368339906
836268153999147010
895021105446047744
771077157489479680
2359761503
821386776950534145
138559268
141699942
849698523893432321
1536403441
894820412831526912
2257142632
909782547298754560
841315379335041025
798635143250477056
428396318
787563954
816278844
373367447
1714235514
853291882994176002
781571735460118528
841752603490934785
768249850450239488
276650492
106454932
2491426556
208698994
2797057980
110779963
839107094066388992
742336166398156800
351595234
1543837134
4302918982
2154993427
1887611881
248465614
787329242795274240
2254993754
1329344222
279239361
891411391323807744
255034575
552141504
856180271288373248
799969556148191232
296975945
804352330162470912
2474602740
395607811
4927428989
749277475868467202
858732822
2867059161
1966064708
242069309
74604221
568198782
2313106004
166941557
3881007015
2239433084
461060151
84192962
1410081
816662172730359809
3022844344
835956148524179456
2282492269
2703107609
428289469
588397093
3002176703
2251552290
727801343528845312
1004186437
890803999301132288
886121599677726720
886408415605657600
755298622087069696
3376253169
803961037284405248
731201817682583552
3131138656
406171063
65354655
3295449436
106566502
2876195841
2415833056
3282889993
2433461095
771765203495219200
187230604
840959047234920454
2904300171
844261845104033792
634527558
63626817
708573248276008960
870359529057390593
1094238553
3363390825
499888238
343544730
223557428
2530502288
730874079293673472
1124189258
1659632059
833873876870369280
453247154
96642360
749707858950889472
224723506
197099897
2256455618
757569608375267328
4132912523
252249915
302606570
3570913582
331272179
2161303052
195742230
263332849
43825188
1129097383
2927501795
2829162733
829859293
176996371
2487501619
303929938
1439159443
3383161385
593856481
1189803930
3087599385
717349822282473472
724287836850143233
1912281266
2797932440
2172823351
2874328720
1851910374
2216112718
319272581
151877929
840268752151314432
3050232206
2846739605
421292057
850191743773319168
2969462279
616001926
188415347
734886211773472768
852607430517075968
1726362732
883427334384107520
2695733677
3245208908
2920866262
804423755426660352
257707786
755352091170856961
823679585934077952
884113099963461633
1745464981
2339883549
37076167
2538506274
3330177831
856450959672791040
3434093051
891443370073239552
3286104942
314446370
3325322001
2438990408
3343615394
713192996523606016
23767944
201700493
2206312015
349762499
15102725
492868119
4887618603
845359671464660993
4718595833
88431467
3021226131
184544013
819226836001497088
400880288
145768290
891756783760486400
505908820
742381365413318656
769480980
2394246700
3351617945
370661273
864508748064317441
2290636655
194161032
2230115070
739472505769975808
3024133551
1183988683
869142554234802176
2471181109
900606418746847232
1131947065
796454631551410177
64679132
502881494
3183081349
887024346656636929
2874740953
854474399273058304
1911045260
17966566
781177876322353152
4467990861
4581898467
935680098
836758888108208129
847496658598248449
456050820
98335997
453427651
886920209709146112
901105825569288192
182502559
1625782039
782194741534420992
890205035094712320
3052019720
3379237839
3431037551
898812702235250688
804012696224071685
3171036738
18994507
812076756219924480
797170602939453440
1933217713
2585424130
788546959166480384
3226849566
894221139706302465
27896438
3608653155
909818991174197249
1059118782
1663701924
1349765376
712360978478964736
636977854
119654649
3589091007
892762612441731072
859468040802508800
824774171527901184
3394837732
1720875024
4582062742
859124681357631490
4831110267
817204840971505664
907312421647380481
