738496671651377152
2346366276
871140333140066304
916403068895338496
977806075
872244964918349824
842118229480869889
731821569023037441
78279060
803005003850018817
4828334468
2508906403
451148368
895219131741609984
830680094158917632
810437495020081153
769208060682338307
879370708685529092
917016835530285058
3245487991
3801410477
1495421018
909634096610947072
917755868258516992
747506574
834915681967599616
862731498088263681
3142107417
3349547985
408434553
917251579501092864
900677464413929472
845854695134445568
4033220733
889896894675075072
839032798056886272
4534639893
843854955148709888
984687588
879155389899657216
4697261420
776797906447634433
888354850110439424
2938816318
903105008073183232
887899873
93628290
787201667645210624
593359295
502489823
316713018
737713784102518784
357515604
866025656
88232111
883634243464826881
896025475625209860
784549888138805248
550961744
725108969115684864
4876726324
1543851938
1052262672
845573018931859456
4128802881
35456618
4799669971
904178687314034689
915590778700754944
4098153640
778712535344177153
737708801684561920
3152113281
864110717825294336
412321889
702966497505898496
898061535184125952
395922873
3760723937
859788206996426753
715451170777645057
182564067
815164132236345344
2376531030
2733848113
864385465088167936
16589245
884667395331112960
2767872267
872807035057741824
448525811
911686913110749185
2972329859
3579623177
776422193710280706
709033074751889411
1218942121
790746935002927104
2301843505
2792174826
793572312
1360567010
754199683220713473
1187588382
2734631041
2523401101
780512749260574720
868701835900600320
754903935161434112
726741835
906120748468600832
2698595660
67432128
15585410
1640701686
3069954454
831667740834353152
915535936615845888
833822678771462144
761652757954723840
2932699385
3126445645
738412325351378944
2743870940
285845016
3153369208
889786419631333376
17073988
2871150269
830570990014980101
24508231
68484908
892876011980955648
894842869344751616
898814318275313665
2342030562
325034904
731153780247498752
907337861019705346
3110692215
3219793674
849401595372679168
814683695298859009
3996021815
160701339
890900136678744065
856475829102051328
843902417875980288
800659864389177344
1638366361
2793749461
1698786007
3239153475
702539119625428993
761706935532093440
4685212410
4874536797
2490442873
2358451068
2888097431
3183952969
1086444972
842470278152228865
882601830676606976
889743078390722560
3039343576
3355652999
2303753228
849899471152455681
2322277644
739352735288528897
912898173051523072
2859260709
3316207295
2274715897
21965519
366663325
4639142897
2274664872
762056190
4897205965
888167033149542400
1135445257
3669699259
801958993723793409
816767548184231936
529398042
894566120086061056
730954018319650816
24882207
63438639
831963433809633282
1725826412
187112537
302550340
1662628219
3009721603
2241045762
763308831464054784
1383125016
9517042
2392509487
4744891878
843572489531899904
853638468551024641
899082271218704384
233605163
880782577833062401
917314223687864320
901131884876488704
845227598158417924
891903758682079233
4828164623
4740985824
787751292366098432
823559056916889600
842233519
764733462
734653110728163328
914256721790431233
802690132608286720
825761734560460801
476857479
2647655486
2841252073
765154079647600640
884834214679633922
905315904942047232
746393338107072512
813070979933077504
740857812750831616
101279728
21664525
3311847254
1622414456
231148972
2421500245
2214579337
94695366
65168107
832828825008377856
419337051
874378099047022592
222842078
711788276005281792
865328570184327171
907099694
493758453
2322882660
728952954229653504
1677506754
738984290554249217
298002705
732937014321008640
913877259034988544
808801606653255680
917009908742213632
848253704008482816
2937635558
2741179330
708978702005235712
3060094514
886941527427219456
831573745596772353
958718574
804980206029119489
2258690282
740817568789897216
840747230415986688
3429271355
733800968832290816
740598038582939650
800645785
750696658111954944
796436872222437376
3402725758
2683043944
916946751898099712
724700826942488576
900042794676387840
916774069881720832
911464919215804416
1735685096
826605579825143810
3296100770
880874183584096256
833659406986334210
873290202181140481
909573755831275520
420974147
76308312
914995496455991297
885835338119348224
136628637
894400991759552512
2573891442
1248822715
4111961687
914164401145442304
821832915189383168
962788208
4892534086
724216249153105920
32216061
964759597
2758152234
3052880107
561207682
1974429600
2469862459
872903486266068992
2863119993
852894781906792449
95438524
240701238
877298545434513410
2820072197
797175952463822848
1580155075
740242134138298368
2759236155
843921372329984005
849420261568991232
831903529119993856
843509585096949761
336538725
701807635843129345
735423783016763392
915893479514939392
884618175542734849
16536504
715493763460640770
863043665559777280
799194417873588225
878543631577042945
731343410804736000
626004726
2254947754
905831324254130176
800911179283566592
2361257044
898232998876725248
845963713190387712
4251919038
793114130139996160
1891839301
906702404875296770
85124669
913249577167228933
615065464
1416634974
3934889799
3642182775
2770435268
2773476316
782620147592736769
807057485727047680
755351390684315648
2972952370
3505361953
865247979925417988
772127805836496897
837775680
851149492988628997
897377235149225984
467295526
781099436818640896
760617074993537024
2965095165
475894591
2869690344
917687950686642176
867813404819509249
2602673143
20005459
913376594907078656
781108572033785856
752439146904453124
451090400
2883567817
2360121187
1517798546
25172694
874610419578556416
740667798708490240
1394709468
891578464880414721
4858227420
36396565
2287819194
869105287533215744
4251979993
727925040
793406990840107008
849552492740390913
861644319278505985
913649800381317120
341031362
60720046
850068002913562624
605844392
4031732607
788340242965200896
1351895184
831005138915463170
899293651716550656
548823436
882988873004924928
3200148633
886278726513823744
561000616
22485144
754763459670249472
908011222892548098
801116445459423233
424884091
4601287402
3649717756
730716564643680256
897395190377230337
855401839
3009384296
2680502575
731525080954572801
845940437021966336
4482509780
705201740862394368
759357172329308165
2382609882
754230671325835266
116451098
730625155219767300
893723574728507394
742071599197655041
910853818346299392
3597015736
46192140
909367282568192000
4877716630
913047249202106368
2842595074
800034883619979264
2829461958
768892698833006592
908713657634316288
2905171823
889880160815783938
2894470372
14333549
890350666656251904
4625605522
739329192286924801
2886847738
824468564748890112
869499178308689920
906542346451513345
3233773409
443449025
917517546059911169
900607097510875136
137616995
760193031840595969
1370214750
60566421
873674266771832833
1862886505
2270354347
162388655
3847298712
729671442975985665
2431392930
3173973745
2687001722
749547019
704165832092299265
759290197422977025
4894489122
856460162663538688
62485585
3733099995
700414077298941952
846531425293631488
884735502653374465
2231188135
313835875
720357096680779776
907591344
764142423341723648
804243299057995776
909710484114366464
838286610114338816
283350967
735247660521689094
883727388823085056
101638873
2928395341
811827487
52398722
312926484
833094365706850305
709835780
3010128902
707169618708852736
889184623
3201932320
761200701099896832
857256550267801603
317468918
3365246423
789610300022685700
2872385411
799497663653810176
23011345
105297123
108165880
197611537
856147045236711424
45123136
2657231905
859623001268137985
892326199418114049
902843975366782976
835969801021333505
965938298
2552184109
3133791109
3309501157
727170517115883520
399434840
818365968539787266
16204062
754160615615266821
740648599105732610
917409208219439104
898740842977927168
328681932
408045603
3246414250
873889113535074304
977004702
952039380
601770467
797480942956900352
3000615334
4308030915
2846797655
802051280524840960
1467340580
2955555263
879076475089158149
2833526807
246852909
713362691700760576
905047944683859968
473205361
912592736695459840
865234590113251328
2188872780
888051455852138497
294306580
4083835516
34852108
230231618
44343716
833408789957267457
917395518984032256
707010473485586433
1439568253
1685780870
4833959827
300695511
1452241598
2893106295
2918004962
492868119
76942579
895653821946277890
1597359176
762682764432855040
2544850862
226502342
737352109696397316
793926445416546304
3433257389
32683787
2451628580
804672756176461824
1288954778
23635531
1364136768
804815974675443714
1051053836
864852621869416448
409193555
291437138
140462100
83380957
875368012718645250
893874547463671810
814057992551272448
1625549846
792563111391797248
917201762838122496
2958849920
4903213257
895815463694995458
4582424776
1606740697
50766916
702110868
731532571176251393
711369213647130624
2470442620
2229556352
873575124162809856
494928040
81787161
833365460183826432
883266428459208705
868548150553755648
869142554234802176
67753986
2263575678
865133011544584193
903091655951007744
917306157429022720
774563106248810496
904426392057667585
1112679368
22869662
19446504
282710694
1706049961
544460012
774224030102654976
885214779849162752
917371835628511233
868521947067408385
229509740
2868433088
3094725814
708632627796951040
767406358547214337
285416977
840167542236819457
436074698
711056770924294146
47596019
138338510
785742982188298240
344673398
2953221471
81083150
3077136191
739548368658149380
875745148465954817
859280354774925312
821242753690517504
709331221441069056
306195913
900004697230065665
3320994303
69082136
828964667200520195
4212993520
442779420
880605125336641536
543910468
89005644
766777774014996480
2515433404
819873957557993473
828206930124533760
913679846659710977
109764076
1134191492
2168003060
1238666443
716910494024478720
3307101193
36429938
4245552033
16647387
1734821102
102658786
749042429442088960
1958588040
713346786140639232
103394191
883037795945730050
97643351
1344233718
888206219835580417
1207897986
2915972517
887417020320555008
149157068
701731981445431296
2653853700
711559073280487424
607005876
831200046976638976
901091515438583809
808917363202596864
2449911144
137548646
2251685490
1047444853
733650554816192514
792111666
912711597709189120
884377473009426432
914373283285417984
92931020
836989740515733504
3857500394
240377683
280202566
783423000779583488
800459878695243777
839513018581069824
911168792784457728
917326911952572417
902267637123743744
2687340338
717040910530428928
915606579264626688
2343711853
66744112
572458926
2663488644
852132653079965696
867296387989372928
1003404751
724470355079778304
2815930879
885877005559922689
866799549616205824
188407936
3326498837
859645482913730561
1583781529
881709788911894530
364740576
826290840242786305
906592575259332608
2478719282
828006645330542594
833308001574346753
731650614430597120
3007276795
752085085973647360
905607411716694016
18647765
4239049888
2349137103
783760876818038784
894317597956636677
575066892
2432892031
557604022
766015918736572416
844520569555038208
913270106246885377
4797264400
20552982
741751970478862336
3285852806
18704672
917302089197457408
907624209161080832
1861028030
789952897761046528
738922078405951489
2581819094
840774988655292417
18231937
20907304
4715862924
2184423701
853215881312313344
4021804462
3161697702
15314891
36065458
1164512874
4713023307
724429339090014208
3367824627
896347439245926401
2763810928
899913896378724352
720048216310472704
840910533167570944
3305147418
897222162897096705
915604579898626048
40251515
859041290662621187
901917824217747456
23417524
747506298271506433
20674560
4723736297
3344180938
806855954969100288
3438137463
993361832
915609347803168768
842293693130407936
822116932459655168
893401160698142720
793872255658840066
2215152025
1521769802
785576798465646592
145109146
2584208646
409696928
2292168064
18553607
1101097544
2253682441
1033801314
4161122782
751989854012080132
702004779959066624
2620194679
81149094
254360291
828710823812071424
896457683972354049
874681598301614080
763465425653030912
1506785450
3063726403
1525172106
605915488
2892184241
877548575944830977
4151303542
3124749756
180312054
3089158553
2489219041
1517660286
20189155
2380226471
829406382717800448
2535478676
917417480288722944
830500005605695490
744663488
804184616
3333736607
3372654838
1389998444
4536069815
4426002312
350640454
2526159598
114466077
902659825103888385
767951628288856068
2819943036
769173821534400514
736021887298461696
3058040138
831302888903294977
3314078379
884768595636477954
374731996
751185319970664449
3125874849
1553269724
718234974827233280
1589359092
90805339
3074371226
725450626960883714
3332558332
2212981588
552916648
717338086473146368
783069961669390337
2750263897
2765062504
879990071595859968
766810465
2511246527
808625594267267072
15200570
66204265
736898472666894336
705335616511160320
307902310
171693385
822953754
878353300491571200
900593932312170496
3033410883
209189571
748008546441232385
854904858188500992
3074126643
175184730
891771134982664192
794191531246841856
773543859154481152
4129933487
386980693
833243938748264448
47064948
2607088019
717506634235387905
3469387277
549642204
824264147617677312
384865650
208529735
740050267517911040
950232811
4353637941
3689331437
1113067399
703952731510276096
1393237772
246037525
177119505
887388394099273728
103235552
891676458007048192
69455730
3365845684
891525470881107968
1351871718
57432443
1009510801
837685767187148801
912504840235892737
1219835582
739013124825714688
869243920999469056
871887127763660801
519327254
917424313002876929
89489904
209173246
1318923054
1466685498
259395895
18936588
432194598
908916082500603904
2321361613
880778841949691904
916754105720242176
806031962368421889
2419164824
191967050
478649895
465534265
1241990287
875197638072688641
329605101
3185617800
164416422
312578264
2984684201
2792398732
1677991874
1531339722
3103125627
3290206031
310250361
4430460382
752542259971751936
4666934713
722093420815216640
860877848642564096
2329155084
910822595544604672
804322156893048836
4842986572
2185204479
504701833
2514713319
234776274
2937496434
3294157254
561106277
810613445309632512
3372129928
891188416486019072
2617686684
917027170127695872
224088547
782760593333690368
2949570611
266609525
3177129826
901410232672374785
828963638849523712
848216318608330755
4104231447
711326139822817282
856866770468077568
773056387
760696644136497154
735004779311734784
788096792470642688
2858686656
777851813575917568
895725910086889478
756223728002953216
783737649001484288
2614288135
1338981888
883349354374942721
4839172415
309547900
890498506074583040
220057500
414103457
562303661
900098049971585024
765608425158049792
2955315578
905534536200708103
294643782
599168456
908232837563912192
772348534448332800
800418816853295104
273151472
1322848680
3790513998
877292551727980544
850245447142723584
817090146793308161
914138353632604160
767475126640205824
2686522639
57727335
2288638749
3985157834
3553063817
321137138
288176139
3014339886
1926983005
739557271198392321
1035862256
817859529895452673
4098627015
3390760943
333078368
2249092519
846806673285156870
310778638
3338701216
867561540525993984
834874902402514944
795715247281737728
865604114608214016
868547690
858648091293036544
1514259523
732714785876377602
147994525
77516870
346802108
741827652718190592
3260039155
4092117808
1602298171
917416095585366016
723524973667577857
848859276298797057
633739570
2452537407
15898172
70737364
431955898
888075245055336449
1346197549
3065656367
2761645878
861707835134144512
2950271207
2330075216
3919663456
845250756320092160
572586114
55402797
75744893
19257934
19082169
64174269
621052501
63812520
723882060809560064
349640646
853656622475988997
380399508
830742775406718978
777232410484224001
756002408
916513490478571521
3935162595
2798180496
917034180587905024
784314410617614337
2743630270
3160066889
843867769452056576
854772060295491584
827994565923655681
787623073478475776
3101797893
851835999512649730
914810583995871232
4815493707
4865075487
328415995
4706076871
740761278797451265
738449481180422144
854810492929318912
76145213
235944818
782640770859700224
4850959989
3534799943
708689411324641281
792287303112790016
181596870
90839242
759870516517675008
94772134
2882061254
2781052820
507128714
889190467329556481
904066275088977923
179986818
738441758766473217
3317684422
917100219531255808
884489312871600128
828754044739055616
140953633
41171889
2926923845
1154746182
25087103
2788887149
2245500849
1195580623
790189514614538240
25361432
1457477522
855787140
890269344499986432
2946661715
885816430788313088
909964186616246272
901611326518157312
3578270537
3358833675
751171080794976258
2655346374
718607428695101440
704821651603660800
4860925299
890138892669788160
2620369380
873657585982996480
906372778059632641
904067276353220609
1006785883
871302708812173312
4429553686
315314962
2245884618
834459144816119823
865642582063198209
909187635352162304
2616377233
2974094224
881090936914268161
603599788
2393217541
891563995789877248
917136100929490946
906974557944401920
715582457156878336
784421651358384129
3028283987
1084078279
484435468
842155655045738496
2532186194
524276925
2234038718
902040755333672960
3405650465
705133697486475264
370990426
917402258400215041
915318126740373504
1521555901
731770043969634304
787877569865588737
891965901108518914
20090352
3162523935
3353056389
4004264146
723665697570611200
1026367580
2856792159
3002422883
841531792054083584
3066692065
19644368
85563733
156770599
2300782225
2737575327
899180179435790336
22008132
875747838604566530
236455895
2852082671
364394935
33835869
879686673776431104
893894774868123649
788084812942671872
870167064824102913
729407459576578049
932485968
218285450
424032183
1631489238
3188161576
775825286
740788163736702977
906807367592845312
21934975
917251031951650816
760950494982529026
1573528350
437559111
871553308099362816
607214610
527285534
435871054
843424402561781764
2807317452
1891495494
22009953
874945230193209345
567182446
3417674548
2955922374
2244734521
2827985727
804041048230154240
903852495717502977
1727105023
840841521624670208
179415673
613533399
3656243360
2660977067
178941681
909519873272893440
60952406
4450579719
867680718834487296
2960649572
830851570916921344
927708600
724785236
800413618684633089
788980966744203264
2829160624
876167675298299904
738018747743494145
859417666070630401
2707503475
900413288755998720
1702746354
4892909278
846392262674169858
727103711567306755
2948426866
901182721099264001
748447201
390734295
246981058
279441116
2925219148
1712881814
834643013922123776
722374177857019904
917387770351435776
1898142606
827647054239383552
275546240
910836185026617344
850632609809944576
795987027153952768
910531850841534464
728065204194443265
3715623795
1668440120
761390704765480961
915676161509875718
370296696
450247220
818488935508742146
767208238794305536
1684221416
907236615420104706
2167516758
286457300
98636576
34606262
174643603
35766188
2675984535
829876850394542080
3145906661
907702399367757824
758389289952636928
2327811792
2583283474
1289569981
155857134
4633441588
1350778854
385963293
368509014
521198812
391497406
720354349247963137
890430460223946754
864965532105281537
786995119803265025
718015189308874752
720038397604143104
873210135677685760
365603155
921387872
964327639
832676737720815617
2305637082
4665212952
770206129
884558016
902336480814796800
909886702247800832
887959809861062656
746484988636454912
8948592
16629918
3233945818
877879858398998529
745172617494093824
915730563734020096
783796612380229632
1548796106
334153316
78311159
92815121
563467381
454330702
872582943914561541
862035187366072320
798231757531189252
15590302
122199670
131379635
257516879
4925896147
715716387553980416
1633932949
763089369045622784
850167641427849218
3751234332
2498860843
184496795
166826542
4925724210
117539626
844549722698399748
830901959645396996
245734666
486518472
443055594
612431427
3295276744
2886611010
138107481
395116072
2753230140
498158053
3773208562
1024175017
880141541033086976
917386235915784193
911542325561757696
562893662
2370864466
722948450430623744
382831950
813349647112617984
591124820
382873859
407934923
910539063207358464
2503188397
2961124079
911755469500370953
766722753336573952
45372544
4418216955
3365599636
159445307
486536903
903196971296587777
917394577484640256
158447525
256705140
331554416
634440038
771682308214689792
23061724
326672686
917128134406885377
783012130475900928
848565515480162305
425884531
494046777
3311257761
855850331699392512
3344749577
845670254999195652
904527114023653376
360788148
14872237
606146108
154716979
822554080895795200
2231463051
2597796910
1127080543
136790069
3087614421
765545733411991552
69962890
105249889
340354765
820107031
766624256407040000
235811457
911879914596569088
3187123295
112475646
2494900656
914511945507704832
910567493776887808
2314652071
40746074
282455847
747780670504706049
764726410099384320
377536668
17717430
800311260386426880
2380498973
37940184
333008894
2831647494
878892567965958144
806961704827494401
39054681
739542187688398848
32941171
779708270688792576
3197659008
1210732206
3305835383
894928392
784706254371454977
760884440591634432
30360752
900645922413195264
863494288369254400
881233099304058880
1012878462
786894833545781249
4818306831
70198751
904466512882221057
2798240388
3219623120
713527382
703981025890795521
50446226
1105235582
856487329464242176
751186804167045120
909449588574212098
834138841078493184
719551680812068865
37621235
732924340484722688
1400765389
3598929802
118626079
1573480866
838787426663399428
840631961496485893
880573274492502017
734008915537625089
790570145122967553
912126332108189697
2619320397
717357562274979841
1569741158
4352299995
233941899
892373241297227781
3191940782
2197053362
101720346
19362061
52541394
57755944
2286136604
1623506262
859261766454222848
141421641
2971014432
885440862817107969
910542449210216449
3344086553
589211078
4257662176
3828779997
67840714
763750871851302912
745341454944468992
155432280
4014255674
327616391
4011161172
781509230331244544
156969532
3015573621
3484783156
833031695624441858
613061487
742287120996438016
743862734861770752
329793616
3076173241
899839464649904128
610958176
895631339411693570
2466825517
909108527951761409
902771650604748801
3865960639
813976631752544256
890637363214508032
848931725417697284
2166340885
870477072426086403
1100619025
2696876808
456628188
3395352466
256037231
704091688214491136
185511311
252128466
3229251381
465463325
24742040
2373713983
1565366660
884124175845044224
901753910683090944
1667125412
732480925980758016
787191641371140097
875375641947930624
796356734159704066
814882011538132992
1318222554
2663828348
78004061
1685180791
333463426
834869953203404801
722398326205886464
767793234357657604
472516271
856304888
860793768315715584
907247311465603073
711312427233710080
764124263402115072
880837686700818432
2282276904
439576087
2466403986
905318427320913920
781269332550647808
4135801935
909980590337699840
908455967049777152
2510286921
377974906
794535079552884737
446928077
711554475706732544
4041345994
842837111384543232
4306766609
1373004278
2393297485
4197272362
845569279856726016
20560729
161297057
3132436135
3329196162
715122183710892032
701191151391342593
883976725562105856
832616879420227585
2777125561
909391024237236225
726044435511922689
882572332627316736
3184377819
915260068505022465
221390506
889153664388038656
4645058909
759836027183783937
728532478340771841
206319987
3134386511
788906505747755009
291289838
788397785645215744
1644133760
811313403054723072
724152606365483008
124472724
128490318
299274099
898632069756178433
756067624237293569
4806858521
1254456476
1073385182
756592054080241666
859685370186747904
871208483424567302
731814505626370049
700069452587601920
4863498779
741418037589463040
730146591152214018
906256159216201730
913905855959044101
1870980115
760128177658171393
3288667823
915403479065047041
735252291544965120
3296299762
907180578121818112
351919955
887673593131413506
807092692261933056
543594430
2319525636
712352121925013504
856890308126265344
486606333
16434905
490643901
2212049214
3171000229
868707244510126080
1457916031
4680235212
784075313881939968
3164290667
4902531653
875816581896556545
862279252280045568
710033846222204929
3406219901
20177423
417366772
2413174093
1705028809
3031615365
1392421105
2236392565
361212160
148964903
304530790
868095079109492737
14791918
109604578
21518790
853497819222614016
3221876994
865901879125053441
810286325970702336
120196098
880425952345456641
836948748039237632
2242883306
4688296639
820422422746763268
3513258792
266089686
3955323863
1434120528
3759375261
589036474
707962854213881857
847774614277193729
1009881001
3028076805
2279579155
997200553
519750095
4113517155
914438430960111617
433530033
862182874421886976
884766698234146816
2587906749
825416940
4860405232
88030467
924018967
888749277467619328
207196205
4069690649
1254503647
897937350201921536
2277752595
51014081
832986980862590977
914774584750231553
385656264
2308368869
892532866076291072
895742288856535041
2992761
2160617400
3011181491
4684781544
794846266526236672
3381588664
376202384
2647449594
3949331356
807702859508813824
834799308713185281
848195745878618114
314356820
370953434
916974337030283266
139722520
2574446023
155930023
3163963174
785275676
1477400912
459302703
899387873799090177
844477711598931968
2924020750
591991946
4227430293
2739788282
894944838591885313
734688564
3314616589
146380219
1207741748
168907385
3388882817
892087274124587009
812719343318499328
843886315317968901
82562538
3982807181
704299396331151360
909355889127251969
916974981963223041
818465753624100864
1567789160
891868817902772224
397315916
17259384
1135271750
910219539178287105
160587652
2184592787
2194940029
784904708
781073576518684672
1488379818
2837300710
982284650
574712102
2979938511
356859210
337998648
2150841481
225130240
1880680652
506074574
589859826
565036039
3266269286
1522589634
1537165518
700578371
4857495159
916940206267338752
589596695
619303519
3191991543
3817824327
817857182972657665
1257562123
786341936
488900273
2779299143
2896982287
2754746065
2201785032
298173971
1367536136
2682903854
4806888741
871720436035465216
1004190391
914073377626820608
707296764492161025
3388665549
1324492729
2405966118
882924258397007872
261258891
562077466
230252761
694879405529767937
895220435058540544
878966099554914307
826323822915702784
819486600866435072
877441617002680320
24870223
789389706869952512
2546352668
898573476436611072
2390651629
3397833252
914586328565731334
4839606215
722787216250961920
904426818601615361
570794751
2349025971
916971215843135488
733745486302224384
869925061821698048
2991570668
1670403810
859147817113333770
793351289736302592
2682794089
864508748064317441
905781021475356673
3016346654
899792310904524800
383272136
3407414818
859421836844519425
916292726433501184
809732617432080384
4687966584
3976486392
528333213
2968425968
1469309059
2884109606
2613511795
837924513656393729
858647006947844096
4553236992
3801738794
856145540601573376
1074245124
739657338710315009
719324795167309827
2221164872
916971472194637825
527063114
870023196069830656
4842610017
906827863139041280
860278187129012224
3091626149
904938816963731457
752528908009037824
831930320949743616
478886549
908885833821806595
843263798010134528
304714526
4873761513
382306837
626986727
869505557388038145
889949997738938372
4777977325
3040129547
907205244001574912
633137894
1412813029
215149944
484579315
3375403319
2791357042
755120833
897105533563318276
841659066082451457
623954239
869233632090755072
786213465887240192
804737400953970688
851523224085164033
603878507
900042676640169984
905131142604578816
814668798536118272
858039597430968321
327919367
19560214
719504775117697025
890913346525863937
268259233
739131720419663873
1338931412
822887388464771077
2566553180
799748241088770048
867970515247353856
817551910475538433
915690544923324416
4893306089
849078855755345922
909869854710255618
909466352297144320
4818874043
914714369602101248
875748869664940032
916970511753797634
873787566058651648
901878192360783873
783283862810091520
916944647187922949
903910888863707136
916058541525557250
778254277592621056
855992222461775874
898498378002288640
4081194093
559500871
135143872
4320445949
552010952
898845053006659584
809470549973934080
879700431290728448
3238735518
2909457755
786528231755096065
865247051692392449
3166501473
403808995
3145787528
826064661879595012
853735657
4129644862
373411676
3422720337
3022711234
3054640426
737435543693201408
745093358918344708
154955897
884377417321775104
898676391528603648
4892367093
1475060995
852153001548668929
56708262
526273214
272130478
594570792
874025248508846081
911449809919385600
882810467751743488
894304853236887552
905115480641372160
2860773678
878451484253462528
808155974108348416
751272147939569664
841832860864638977
856305086431203328
875065555308380160
775102536525242373
880390088588500992
3623790503
796381420671246336
1275332990
2290453034
1884180020
2866733020
839886490331148288
2836036805
852490701615116288
838780683258580992
705715318564462592
821200926400802816
3245632154
845457024305549312
4397715261
2401006784
788473982542491648
2812215247
15880163
93843845
1104303362
2259591481
2550349788
126725057
129814252
2312916036
779691433288671232
777189075551973377
2564253836
2806518530
900857874649202689
3911813237
1303144435
912819600559038464
2261939373
3028258477
112764971
309114331
177903991
19258461
172576507
915875412743516161
69737059
58615092
1586329074
814710142511919104
903053303835238401
919987058
4906983520
3331691146
907807447364112384
916581373477081088
65368956
1270756776
2430834023
834095742524461057
4581038127
499078359
991257864
747513385
635348572
746824254088425472
852553250574409728
634561475
271401243
243719605
915274023751290880
884947093475008518
855054668006903808
2393467536
64190796
893611901091033088
1290028208
2438347352
2908324239
2197203561
882954392
2659398060
801629341159456768
4830696845
2892807573
403684864
494308508
829739209
872637728
778318554571603972
912900247373959168
715778923
2883953338
373472585
916279854319980544
2946030143
798333001
2192924215
181249103
916787069594124288
765563802632982528
916786177595924480
916787896904011776
2874072033
3146219547
299918176
147638181
888811605588410368
2904196863
832761941277831171
883361233
1566808562
732584547611750400
3760413975
2823026619
855416797956374530
909024568995696640
2794898221
852563966966591488
916783092072894464
2932955081
912584547665104902
754385101409091584
790289869935443968
212586686
54585433
211597015
2418772447
708990461206249472
864684958035652609
779061538598555649
781931035118317568
849385516881633280
888484520550387713
1513987010
848650698422190080
881959158685335552
1914263760
906469109696778241
2869044239
905424064113672192
821055613702705154
4887743218
4838499320
4557188962
4833490178
4857413594
4887694481
4838553499
710742750099075072
4617688998
715413861260615682
831764117757239297
701272832328634368
711888325733298178
701273320642072576
715415250992889856
701213755498110976
701213315540733954
4833543979
711888035537821696
4557116674
4557033381
4833398712
701043337021657088
4617710226
701051051986669568
4833370122
701044193246838784
701042906967052288
715414525529305088
4551930502
715415020427849728
4551930075
4612786700
4857351552
4857457909
4611705322
4612828813
4617730752
701212101218406400
4551901581
701043729491046400
701213067183456256
701214065918504960
4617834013
4617808933
4887768154
701273603786932224
715414769763635202
4608630798
4868260511
710740808241160192
701211707218092032
4557268036
4611466875
4820990468
4612814413
711892446972489728
4868212611
710742336171581440
4828556834
4833381936
4551887897
4617616506
4828604401
4551877275
2668725324
831184088937721856
455420671
365835200
774523399116906496
905366352327823364
52840893
3997941903
3687350059
4833386682
57280159
326981510
2786273093
480632696
897362945184681984
741259394793537536
183740447
746520461962547200
60372402
1483492681
435318988
1117577876
759867450745843713
1860569490
762344226
747682650136121345
755690720799907840
2921330825
2909761515
4652021357
752565207310987264
4707558286
96670548
2163391339
2521542384
700488236611739648
619545361
238167297
556159571
790497872110297089
912308721635569664
716825930816065536
904004435428376576
904678847928512512
797674754975141888
2906999781
803738028120350721
905320650360766464
867685311530156032
378796481
727924729122836480
879824348508557317
3294284823
747191239888474113
4828379495
2890238288
751251234682724352
1581224048
237476766
911122846474231808
730127029761392642
726864093659959297
3115601543
2690893872
1665674216
781461307153321984
1395945062
902902681739575296
2797932440
326406428
2966854990
825935351185342466
3285712788
92801244
2438598500
837949318854139904
876418326121115648
834795806
711291706109534208
909067800903163904
2549338751
892017694706462722
821569677155504129
803472988683108352
1399974332
1066631538
791553434092728320
865949104400105473
3421948445
2494403648
50340651
829816918039203841
814111068695838720
863102652758073344
3029987541
1488238194
3021084666
915509347815366658
904982527479250944
594994545
827416570230026240
62901293
751429605291020288
1388687107
723962520109764608
18334111
2155513160
17944711
882286043810197504
285939167
1637832236
859600943721172999
3107188521
15226433
179258468
2916445147
177171136
768850560
872430136129449984
899035320309522432
97539603
833857208269942785
1523381887
847188284069564416
462046861
49596991
2471729472
1620731648
2236507784
901939154262642689
837090865914990592
859527975615815680
718389726990987264
887342134755442689
247288533
4541114782
250962670
776570690396979200
742756677292789760
902964013193146369
4188198519
879057063112052737
755898737856221184
911763879256043521
4663265657
881553195155193856
843438156
3242209555
854393393430102016
896034836992970755
2375644327
360396376
2505131791
4912870574
2578788037
915933815171928064
889067620267245568
794206807
753046640324411392
3163068656
3533535676
2565899502
1582879699
3795230293
2286161232
1870253700
809011923417235456
906161674138173440
286505380
880464328272605185
4836077662
900393048814825473
602320891
748504732897927168
1243805365
100082492
2552285108
3984982769
4325497152
3039755829
25073877
223166587
558819654
2840395941
2261788279
1548263946
865217281
4704433639
915297414050975745
758355316606140416
1155228426
865998472733904896
791038606500622336
803601160741486592
848098094893809668
292524401
2418000332
1904923302
2478673590
173939420
856189553618505728
174972753
2988471154
812977232679464960
4822341010
4834750906
1954080780
891540392931414017
14378983
419582575
911705951316643840
1469811883
912711576108589056
887069452713566214
77159945
4632804752
3408244839
2790041298
860607560562262016
819940311191392260
774324725229158401
3536475381
892765442510659584
2408338149
897602929548546049
828144007268044801
858375155915120640
32489619
3029558636
2294456462
754130670251749377
889580834990280704
254512044
801942956349366272
901996761085906944
839472910678929408
966799777
1617489349
903351289739751424
1725734773
277844738
719896541444620288
2160573529
2156278138
701462214092464128
719604042780000256
1254440228
879199976093491200
871075425853726720
3192811847
2919981964
573457713
158560798
846435578145071104
1243916364
3791816745
2983318755
844197164075143173
2773343163
739719740223016960
3485919554
906962455137591296
3345191656
790951347017420804
810515475641683968
883797520392089600
1339425901
3250936148
904291853821988864
1442360970
2241866743
1631625758
807270475021905920
4293976034
2524795620
913893213613821953
803446449404977153
803195910
892374010809286656
539868942
23615422
847483523891998722
15147229
783389062417813504
900184010298597376
837548415319846912
873350995727790080
781353201681432577
774984667854405636
869904978
900716832188899328
2847364276
877568230184714244
790990689681170432
775080670293000192
780525883648081920
4857900688
3293314892
887218164374753280
285000441
313294020
1850691690
4390001718
3268723854
3192275904
867787883805110272
370196990
2802467473
235764604
725946788910231553
264729272
440197865
884056729151049729
730129351627423744
575295889
2577892838
1418120216
912045368459882496
434122693
783954610323152896
141279576
587392944
432338363
83477086
2529090201
802986512736460800
2291054353
70367613
705413429541085184
2294245189
88083256
1155041436
834274272394739717
894664164639166466
904418364453519360
862137119736713217
915214368312262656
1523625860
1663119601
65773723
1483464013
913040481029849088
896162698609795072
96790991
232563494
3085614162
895234320469766144
883027124956909569
54289701
884135453712166912
1585259466
848968678217588737
3304699420
411658464
1499046440
338860427
816946321340960768
3379285841
195856478
374612576
17376632
186835090
153356369
358577219
255711388
186173703
201639340
194336598
2980726495
206170202
631910498
1004186437
770203724476256256
155297655
3289840281
81358393
754783452466216961
900023539818000384
898232288135217153
881882391874240513
738076529704501248
909072473504837634
4888455233
906841494127915008
289853248
1186731852
864488423310196736
250194176
120887559
2704243633
270879064
2303185682
876933415651729409
1037297030
4115551223
3040455958
1539451436
2366747707
2910694347
708391412178558977
1289680573
1251287863
3009857200
736307782517985280
909425326098468864
10639392
764458013637902336
711487023111081984
2801105631
731201817682583552
952103431
1035131244
1857116220
1167486794
2830177836
4111005755
271828340
770145512410509312
523662672
4266988839
811831513356582912
913251739108651013
109523232
2921468206
1008767496
3825516439
2898875588
902742949871714305
2256468255
802242268128223232
875893394454851585
3862447935
616202163
877546321904848896
135221955
882129655213510657
766660582938337280
209514049
890656968402247680
2297445996
1139105010
730896594686464002
847515208478212097
1591791752
3412077461
2782769969
1960714164
3015998026
913711346151247872
746621878471639040
965088217
2968553446
3193151591
846991590
3351607899
398592793
3280708255
860114401860481025
2495709648
864080040610365440
4577450304
794524145031614464
1425667850
857513248244899840
1733510371
768164973914628096
856305841980493825
2601931693
882598622243717121
721355330307887105
914465280558092289
732315323462877184
31196202
2724546351
1614563814
827646397
971913510
819078529459458048
892414949745668097
1932817136
52803520
7476412
2842061616
800710467601604608
820090932544475138
57019558
3152634923
955698528
866647065140617216
1487450708
2956098844
31194508
740650313754021888
2184361682
52141783
799960323721719812
4180448788
2752000620
1074701690
28838048
309945349
859694253550600192
800778318605783040
909267553532354560
813896564225753088
859568288505798656
887038175050334208
35028845
812288517829107712
735200227586650117
4782195680
2398590270
862775497838776320
2513549293
516203640
805842738793029632
767280509718331392
865683171123372032
809936148101558272
3105570050
843829531748126721
4878787011
64537608
964598420
464998834
1638345408
849797702573490176
751411530508275712
896054286878224389
901407580840480768
791072983
3003382887
2901595724
915865834488176640
908281663532044288
838462681065586700
915489678131847168
872372760303063042
626822076
105827495
813542852915499008
469962838
901744293290819584
61386961
893780192711372800
896665891902980096
82465947
737740651731820545
872285845880832000
1849674547
719642110576705540
4622754077
785668243
863960788159082496
864824734747328513
875673984028856320
873688570501922821
881959504577003521
873685996809965571
864600009546903552
864908281864753153
875638852836143104
754693515758735360
897390543575146496
854240027060121600
875664336643031040
882026893377232896
726810638639632384
864633325096448001
877749194504753152
863587334691983360
882037797653184513
4888122655
899907422143127552
867812983988035584
317669470
863943181209096192
882035012916391936
864595387960750080
902584446083358721
867083813763108864
426706000
3124039235
881985931103936512
882030869015343104
902588744867479552
873691314474422272
866643680228192258
877751911465746432
904124416157786112
3016813775
904115401361121281
3060042150
704347232288505856
864835204527136773
868904008001478657
867851827634733057
868073698795950080
868060387048120320
897496976429916160
864643691587272705
868610319064682496
881993548752723968
875667542320308225
739116592676675584
897493756538228744
1671161437
864522616761135106
797483673343901696
754419662163705857
876389700034068481
904108975477678080
864646721883734017
864914049104052224
864922920921030656
108393207
2826867795
977086874
322132712
904103510672887810
2261312712
881988814134284289
3187577196
902595521977704448
868960349042724865
875661917171351552
875671222566223872
875669556508884992
772884079935041536
70337519
715198343001952259
28228172
1037544840
881956939957227521
902600517058220032
904119460101054464
873687501638168576
1338714546
882042415691026434
156338551
2766635857
27872499
790168997396230146
115899959
1625782039
1383063608
67858702
708385000236965890
2330809874
872173717249417216
817438987505860610
147805838
2910405373
862338602017148929
159947938
759944199764643840
817949544851746816
2727357872
31524543
18553965
26045394
19976791
1513002752
2294281090
567191343
3329938144
3371026666
2727045984
23496586
170811839
3142365820
915215831600123904
904249524
1240440565
832200971895840769
370297410
760693303574757376
890954409101766656
1285907815
861629685633036290
817816860569858049
3300717402
526528288
906119485949652992
2770391737
3394386309
2278047946
1024237578
1868317244
2453529001
884529836894461952
912715250901843968
477896716
416567621
726141262466686977
819689704778006528
897239128462503937
337634735
3301009913
10228272
904278838703730688
64565898
743264649907404800
897679481963515904
2364807847
880449415009497090
1517606250
3349379068
2165629112
722368452
905993660
96951800
199354750
394581283
586389133
728261067659464704
4241407109
4734595995
2504718143
895415668601999361
2685878899
2799275399
321995647
869676414408302592
733651155574784004
173503725
881886631086764032
941365410
368700008
1382459438
167553869
851127598193270784
1051461948
129160014
227272449
3365652112
1265395314
882198058116796417
2873808963
259916312
276324839
94341007
758069941
785512648695832580
906701799763140609
3245338360
3365588158
728952090580619264
710530243178721280
854149375810875392
2491426556
3435759245
594872394
794652151821828097
907279560076660737
125331893
1151490842
905097084294103041
339057586
859523018
3337704100
776844143641362432
616378086
277168955
904507086905716737
857939786660798464
861411080685400065
903040576622342144
1111877250
364033619
365792177
827487666333704193
214336602
4373605229
547994592
1531734132
2305385232
4103625591
1373252725
779627049581502464
81231891
219516964
824344945163169792
866655906590797824
246767805
1287392976
1228245188
2561111808
1630166162
717017512114790400
217017451
571337660
126886865
722860434009640960
145155901
957241218
712613839670534144
1221384295
2454891047
820233512
1104700218
3178096347
1104350947
223488784
882910418297118721
2361297997
730762557447897088
291077980
891518629539446784
907787045476724736
864553622650187777
710267678032683008
833498827621412865
883512038
750782103411838976
230789377
3368483993
754452961019957248
722212827252015105
336382940
102023999
267975373
516595551
787039129842356224
4884180572
1099212104
902733701708173313
899803142145142785
755022018
1460169660
370517204
137620476
2346480248
476766533
4100828536
2952394306
1659147661
143058902
2435952699
239987101
2922162371
4663496243
1446343880
2495214973
2413305452
911577409014652929
2980795812
749339950416560128
225125248
857531006651441154
3362427214
4178006657
876882793564917764
2933861456
706733677904994305
747419517328863232
2694748066
2158021788
1061517270
739462418145935360
2783424721
836390524877737984
868479905339723776
915131315078414337
861445858168115200
3853301953
2340149617
3285340518
615933377
3289747560
798038599300050944
69678396
24679911
860461901767168001
24749247
3401162801
4873577686
74697234
1933576075
1229078244
3370084865
880079751964090373
839210937253052416
814069326852530176
205019662
52168389
750233401492402176
517802599
861526300132909057
990392677
3391784489
742031235380170752
878914353491324928
1346635746
869424881049497601
781415617224069120
2161689854
4439902577
4882929273
1890057360
19763785
910428605796188161
1090456117
3057958199
146581240
709353091087384577
2417959087
2584094383
882296873209516033
880585820477857792
112212057
21524972
3025386996
827677919988248577
626866845
885894929398026241
2247330823
2267583755
2885588081
733302081705136128
3256769796
1516022942
71210959
138856434
84670683
902196023375921155
707486368918872065
2374962504
882997038463451137
881886861823664128
824604023500181504
1189159470
909189488525668352
910108212019507201
3319752741
1967652186
879602545743757312
4313606003
2851389126
627956899
1558269752
4685123712
847021069089357825
1249619324
887673544368312320
1692025844
2242651814
772847796676358144
2846900403
730733130081050625
3257106271
860917759001202689
753276654634541056
3067344479
4160601618
834475719396847616
2478181133
829008091169570816
324417716
3806673339
2853410998
4882478447
2206346271
890555851068461056
725471970100432896
138259078
371751397
911949207849672704
2482692336
793405969
1887797048
780836983715221504
819496134624284672
2270200220
881541761205551104
710201808946380800
898806633685434369
836980610128363524
791927664206635008
1129882992
818614825
4827697694
727271039491678208
900687353101996032
889191781157539841
2880515215
859328306520367104
1491865512
311435637
3064726341
268180858
3180857207
785195727945367552
3057797454
864797838
373548602
23718848
876672973989527552
865003864142995457
3807857356
855001231021948929
590015167
4281522013
1200788515
758813050069626880
4819500267
1736939930
351771241
2867507684
913358067944837121
697732761856114688
856228038157250560
249098253
3255769414
841707299530014720
3247655105
817009102433976322
888656582795567105
841025204105170944
3109325225
843215352783945732
3130982482
841075433357627394
3081755412
879759138397573120
429031069
740110517667254272
1497060703
4394948056
840549933199548416
761719231067009025
106819867
76915929
2596220076
791455847020802048
336260705
3118903061
788429787681333248
2273998711
410225148
866480171859267584
904935837871124480
775279674511519745
1361082439
715344964817981440
895420286664835073
814091883051761664
724726335432732673
896002114815700994
47428075
25177098
2214431847
465723566
4382378237
733985834496602113
851078674417938432
884840667746377729
250309546
1858636326
996491437
909070606024314882
843858335363416064
258980095
3057266991
16467410
882289571735666688
713723473366007808
747403610238099456
4070425707
861789121986953218
3785274256
862220829093920768
233888110
216317364
3356788973
126575499
3030864855
789830298129301504
287638904
857578146996113409
826513451623198721
793436339815448577
835615223411257345
856826648091652096
886315908364464128
863710941657038848
872233588502085632
244113647
39766822
4775302334
79138983
851857027190079488
885051568411860992
3431864667
2941540315
3064970834
816735897383305216
715798226155278337
731554664206979073
858993121094377472
886224209176924160
29101444
900274079344738305
2797699154
811498169670344705
231051213
4420388614
42291612
904191421158010880
912358240708694022
492540255
4114982956
3223604396
230951253
90994852
712166565567811584
844124731968278533
339977365
1166059740
43509965
861574756939702276
937765410
135997963
906805223343005696
3360855759
66708471
23767944
864282117206933504
3313718498
759003927496892416
776843255199698944
755540571515682817
750096489549004801
4733888063
3310484216
846083276771119105
846560511923662848
420693597
53343256
3913676475
827314427804450816
84176001
847523197184626690
2723191312
902669119769731072
3238641808
1564190551
738861611113414656
3284282305
883718316535291904
4341329901
836978654391435266
2493515750
390770595
845915695078690816
146427311
20083178
886242112857137152
4920406750
896308850176909312
2429305942
19454165
253468597
1497617455
17154415
880425358570475520
1683633008
816798179626799104
783675256292671489
2928290575
831469534045351936
810745560
201803989
861328032006639618
72568426
108270392
2494236612
7542702
44529677
877492084046823424
3187202368
792044345780297728
830890757531762692
855740842790854656
876189531229356037
884288646945402881
849414936
3378724781
2718227310
802585853415608321
884457695436185601
896794467390242817
865524469611110403
914307640779431936
370237379
850964089476194304
379217338
3067574300
833111381989793793
1411809901
3481613232
4474312353
4350652882
791602766
915004699987849217
768657306066313216
2463350786
759779038747561984
541671314
326225556
1627674968
2939463343
4571183417
3014576637
1149282956
1964768659
2313002094
384376290
894897588159209472
1591131403
3470368694
3041113656
901130716389322752
857530129572122624
27570130
4783781126
839817154644045825
885451623970951169
817936213646655488
762864889563971584
3023924790
3285286886
4498132967
807529631968468992
903641012756668416
779401387419381760
727885930506256384
4879489906
3761185875
904592652624113664
783115380051107840
2853641871
4131266472
1832467320
797086754444451840
749287565941932032
881867041011105792
892512617054515202
87459926
785761089296281600
974384082
2977849811
81234581
913852978502803456
819372822116073472
838087771600351234
1431204614
913887030018547712
2336747699
557719672
838059270612582400
901419586503008256
456526226
703876717509636096
99401500
1638925069
53507648
3242037861
575563089
3001515326
856256798407479296
2909569683
2922932076
3974013023
885270911762485249
8074522
1630173026
20474687
1205616620
616001926
874121262594834433
44150176
809374940436774912
713879948
147558951
321763987
797541435197325312
3696178997
731537182633000961
3013408861
317997653
1190909544
19867038
70191849
778583729228881920
98330806
458710646
589308263
92710299
744079271094681600
762313516602822656
906947369832468481
900143049543606272
1140307843
877893431451942913
3970832321
2504173880
890363127337959424
193702066
3037578052
3367171233
3317547583
1105048406
2613982245
800541644005117952
3982070781
4477580355
1553918971
2234960120
834316372930940929
915136969746685952
3295667809
3012889453
2942587130
1861297344
357483772
906614109088751617
731679274428727296
2632712269
2467924908
885113428939091969
250112573
3284403584
903361347081166848
100766356
564924606
764472964540661761
1957704439
715358358920957952
396689370
903230324720599041
830283349986050048
871707150095187968
1906348094
873115441303924736
845309337060831232
401942972
889876362340831232
31430074
531401378
806139088181071873
839357434565021697
888961536940589056
2896330517
321918128
62483674
890680541674176513
885946523124736000
708246138563006464
902459551840120832
4869969645
727940944948043776
714290245999714305
330633991
833492881239314432
834542664443895810
794702137896767488
834811660728668161
914507823144415237
796306054082686976
734787033542057985
899455296
4687675332
183292333
26599573
19762109
160599963
143860974
1026683635
785203171790622720
748218022167482368
122286711
3710582787
857610178799128577
413831130
1526776644
3092307047
3003239609
200055498
4567639033
2929354585
828678471903752198
701361118036566016
2612031912
3635140215
3223767871
740317899278188545
2744358077
4320175473
824266177123860481
3176820495
765215005394477057
210436496
781050149619453952
3293377159
1893331584
890344435942400000
762651813803884544
14978043
2183232788
2515659416
873006991198658560
139124577
561158234
896318671571763200
3184944218
2997340708
35773873
909360103261900800
911166777496915968
808022201056169984
18940252
23311907
2552451949
769356077758607360
2562119234
851326289361371136
813813376988119041
19527581
4699628838
768226669148594177
775374885262614528
799245066833305601
2776254643
19315409
1228676456
885827899940458496
893093031494078464
857800597084356608
843468483971055617
179159742
816989605
3226315489
728636293127675904
851844039406010368
892258633282498560
738712291386986497
733170248321540096
789265846904365056
740064257677643776
53172720
190705586
197186752
876222430762721280
892323736933646336
633174212
29704092
33681858
20734751
1274775780
855201309036650496
4858958329
786626577182273536
867731206883995648
893348046204846080
766297730641760256
15350768
787563073875824640
4218819269
6388582
911888321021870080
273578476
893455876224237572
4868006043
1063465340
